0.999936 0.000332847 -0.0113021 0.00717665 -0.000328282 1 0.000405785 -0.00497395 0.0113022 -0.000402049 0.999936 -0.00107537
0.999083 0.0281951 -0.0322084 0.0879798 -0.0283855 0.999582 -0.00547039 -0.00145592 0.0320407 0.00637962 0.999466 0.018332
0.998529 0.0480968 0.0250192 0.240586 -0.0490317 0.998066 0.0382054 0.00976604 -0.0231333 -0.0393759 0.998957 0.0971165
0.998941 -0.0250713 0.0385866 0.390052 0.0239843 0.999309 0.0283802 0.0103908 -0.0392715 -0.0274247 0.998852 0.199443
0.994981 -0.10005 -0.00152012 0.465394 0.0993848 0.986379 0.131067 0.0594879 -0.0116138 -0.13056 0.991372 0.284562
0.982519 -0.185364 -0.0172189 0.558755 0.185996 0.973526 0.132862 0.101027 -0.00786489 -0.133742 0.990985 0.334497
0.943723 -0.330729 -0.0023882 0.82153 0.324188 0.923581 0.204695 0.227715 -0.0654929 -0.193949 0.978823 0.482933
0.873902 -0.483283 -0.052276 0.876316 0.474 0.823357 0.312101 0.312475 -0.107791 -0.297525 0.948609 0.501708
0.798274 -0.584949 -0.143504 0.903723 0.585031 0.696424 0.41561 0.407318 -0.143171 -0.415725 0.898151 0.532652
0.71103 -0.677109 -0.18963 0.948481 0.674481 0.580524 0.456143 0.509156 -0.198774 -0.452233 0.869468 0.552462
0.635485 -0.74003 -0.220261 1.06867 0.730891 0.484595 0.48059 0.708893 -0.248914 -0.466394 0.848834 0.616776
0.633211 -0.739885 -0.227188 1.19026 0.728254 0.470158 0.498596 1.03365 -0.26209 -0.481166 0.836533 0.68318
0.690307 -0.69992 -0.183268 1.32001 0.688254 0.557135 0.464657 1.30023 -0.223118 -0.446891 0.866318 0.757055
0.734519 -0.665769 -0.13128 1.43354 0.64836 0.631443 0.425333 1.45827 -0.200278 -0.397531 0.895465 0.824614
0.813435 -0.572224 -0.104328 1.52292 0.560338 0.722799 0.404454 1.55618 -0.15603 -0.387456 0.908588 0.88618
0.883592 -0.46584 -0.0475142 1.61018 0.454461 0.828684 0.326723 1.60421 -0.112827 -0.310284 0.943925 0.923362
0.924678 -0.38039 -0.0165397 1.75366 0.374907 0.902048 0.2139 1.65019 -0.0664461 -0.20399 0.976715 1.02015
0.966281 -0.257411 0.00638088 1.87815 0.25254 0.952249 0.171597 1.70476 -0.0502472 -0.1642 0.985146 1.0868
0.987875 -0.155017 0.00851798 1.96772 0.153163 0.982086 0.109764 1.69984 -0.0253807 -0.107129 0.993921 1.12919
0.999487 0.00787267 0.0310428 2.06291 -0.00798223 0.999962 0.00340715 1.66712 -0.0310148 -0.00365319 0.999512 1.19045
0.990555 0.134613 0.0260946 2.13311 -0.132507 0.988685 -0.070308 1.63693 -0.0352637 0.0661862 0.997184 1.23368
0.973672 0.227536 0.0138232 2.27504 -0.224199 0.966828 -0.122382 1.58458 -0.0412111 0.116061 0.992387 1.3052
0.937195 0.348725 -0.0074867 2.36523 -0.344155 0.920994 -0.182561 1.51934 -0.0567682 0.173672 0.983166 1.36958
0.899357 0.436953 -0.0151552 2.49406 -0.427756 0.872198 -0.237267 1.41914 -0.0904563 0.21987 0.971326 1.43615
0.83659 0.543624 -0.0677468 2.55588 -0.535815 0.786206 -0.307868 1.32186 -0.114101 0.293859 0.949014 1.47797
0.76718 0.635183 -0.0893188 2.59522 -0.614736 0.688333 -0.385095 1.24783 -0.183124 0.350344 0.918545 1.49234
0.726289 0.675387 -0.127892 2.66283 -0.65507 0.623676 -0.42651 1.15397 -0.208296 0.393548 0.895395 1.5243
0.625644 0.760496 -0.173825 2.71825 -0.732552 0.496125 -0.466077 0.99266 -0.268211 0.418935 0.8675 1.57034
0.564053 0.794611 -0.224582 2.74697 -0.768689 0.405951 -0.494288 0.853799 -0.301598 0.451439 0.839787 1.58806
0.450244 0.842904 -0.294607 2.75737 -0.816295 0.254851 -0.518376 0.694833 -0.361861 0.473882 0.802803 1.59952
0.365234 0.865097 -0.343818 2.76364 -0.840786 0.14801 -0.520742 0.564081 -0.399604 0.47927 0.78142 1.59135
0.335607 0.862878 -0.377901 2.8024 -0.84602 0.0996707 -0.523752 0.16766 -0.414268 0.495487 0.763462 1.62059
0.31766 0.867108 -0.383688 2.83655 -0.838808 0.0682908 -0.540127 -0.253397 -0.442146 0.493417 0.74903 1.63429
0.255992 0.873267 -0.414575 2.83 -0.84262 -0.00861132 -0.53844 -0.489348 -0.473772 0.487165 0.733628 1.62917
0.22802 0.886684 -0.402243 2.823 -0.843112 -0.0268249 -0.537068 -0.808204 -0.486999 0.461598 0.741457 1.61824
0.244305 0.877495 -0.412696 2.79767 -0.844408 -0.0167306 -0.53544 -1.18678 -0.47675 0.479295 0.736876 1.62041
0.204535 0.873243 -0.44228 2.77815 -0.821611 -0.0924542 -0.562501 -1.40708 -0.532091 0.478433 0.698556 1.6028
0.140445 0.848172 -0.510764 2.74191 -0.819511 -0.189898 -0.540685 -1.54327 -0.555587 0.494514 0.668416 1.59162
0.0406155 0.834966 -0.5488 2.69866 -0.793273 -0.307006 -0.5258 -1.63659 -0.60751 0.456704 0.649887 1.56355
-0.0614032 0.770313 -0.634703 2.65111 -0.72665 -0.470445 -0.500661 -1.72053 -0.684258 0.430465 0.588634 1.51787
-0.129548 0.700274 -0.702021 2.55728 -0.704405 -0.56328 -0.43189 -1.84689 -0.697876 0.438557 0.566249 1.47655
-0.212733 0.648839 -0.730583 2.45208 -0.629181 -0.66302 -0.405629 -2.03036 -0.74758 0.373378 0.549284 1.4132
-0.286962 0.599728 -0.74698 2.30884 -0.561011 -0.737276 -0.376417 -2.16834 -0.776479 0.311046 0.548025 1.34343
-0.348679 0.485377 -0.801768 2.18953 -0.4399 -0.840127 -0.317292 -2.22945 -0.827594 0.242065 0.506452 1.26104
-0.399337 0.387956 -0.830675 2.10436 -0.387433 -0.892587 -0.230617 -2.24862 -0.830918 0.229737 0.50675 1.2339
-0.425176 0.24552 -0.871175 2.01731 -0.243573 -0.958036 -0.151124 -2.24581 -0.871721 0.147941 0.467136 1.18235
-0.45025 0.129193 -0.883507 1.94708 -0.117806 -0.989423 -0.0846451 -2.2401 -0.885097 0.065971 0.460707 1.13396
-0.469139 -0.0078277 -0.88309 1.84923 -0.00492747 -0.999922 0.011481 -2.20308 -0.883111 0.00973759 0.469064 1.06946
-0.456333 -0.0574305 -0.887954 1.71091 0.0578282 -0.997719 0.034811 -2.1608 -0.887928 -0.0354633 0.458614 0.986642
-0.455854 0.0500339 -0.888647 1.57558 -0.0486393 -0.998327 -0.0312585 -2.18081 -0.888725 0.0289739 0.457525 0.892067
-0.43256 0.187741 -0.881842 1.50585 -0.175674 -0.976884 -0.121803 -2.23314 -0.884325 0.10223 0.455542 0.844101
-0.410893 0.301112 -0.860523 1.47871 -0.282109 -0.939551 -0.19406 -2.27299 -0.866938 0.163023 0.471001 0.827382
-0.355738 0.424175 -0.832782 1.46863 -0.377076 -0.880467 -0.287388 -2.31488 -0.85514 0.211787 0.473162 0.81135
-0.286291 0.535919 -0.794247 1.4643 -0.484965 -0.795969 -0.362273 -2.35537 -0.826345 0.281466 0.487781 0.802871
-0.230649 0.635148 -0.737148 1.44121 -0.58617 -0.695381 -0.415752 -2.39727 -0.776663 0.336201 0.532694 0.820687
-0.147388 0.698518 -0.700249 1.4304 -0.673412 -0.589413 -0.446216 -2.43533 -0.724426 0.405789 0.557263 0.815136
-0.069303 0.756379 -0.650452 1.43156 -0.719195 -0.489737 -0.492864 -2.4845 -0.691343 0.433645 0.577925 0.811173
0.00289806 0.836302 -0.548261 1.43396 -0.779771 -0.341356 -0.524818 -2.58735 -0.626059 0.429039 0.651135 0.827714
0.0887262 0.853115 -0.514122 1.43023 -0.828937 -0.222939 -0.512992 -2.70287 -0.552259 0.471691 0.687399 0.82967
0.0457418 0.843588 -0.535039 1.39365 -0.810073 -0.282084 -0.514013 -2.82259 -0.584542 0.456933 0.670465 0.807492
0.0602919 0.832812 -0.550263 1.361 -0.808847 -0.282273 -0.515839 -2.96218 -0.584921 0.476179 0.656598 0.772671
0.141344 0.865117 -0.481242 1.37709 -0.830213 -0.161203 -0.533629 -3.07412 -0.539229 0.474959 0.695447 0.77805
0.238007 0.867931 -0.435945 1.36834 -0.857594 -0.0229078 -0.513817 -3.26619 -0.455945 0.496156 0.73888 0.797689
0.319147 0.892548 -0.318596 1.40172 -0.839862 0.110622 -0.531409 -3.32699 -0.439064 0.437174 0.784921 0.833423
0.461691 0.846896 -0.263834 1.4833 -0.803065 0.272745 -0.529808 -3.474 -0.376733 0.456484 0.806036 0.865503
0.573019 0.787737 -0.226096 1.53318 -0.766419 0.417369 -0.488268 -3.5537 -0.290262 0.453071 0.842897 0.890622
0.650036 0.736944 -0.18538 1.56955 -0.72273 0.524193 -0.450425 -3.58746 -0.234764 0.426772 0.873356 0.906047
0.770404 0.630651 -0.0935762 1.63591 -0.612679 0.691727 -0.382281 -3.63392 -0.176357 0.351843 0.919296 0.952274
0.833707 0.550978 -0.0368139 1.70303 -0.534122 0.787687 -0.307024 -3.66369 -0.140166 0.275631 0.950989 0.990395
0.905218 0.424725 0.0137442 1.76272 -0.410424 0.882206 -0.230793 -3.66171 -0.110149 0.203277 0.972906 1.01519
0.94765 0.316646 0.0411785 1.82411 -0.304577 0.935095 -0.181191 -3.64964 -0.0958791 0.159163 0.982585 1.04584
0.98902 0.1339 0.0625347 1.88956 -0.128493 0.988172 -0.0837037 -3.6386 -0.0730029 0.0747493 0.994527 1.08428
0.998257 -0.0145214 0.0572077 1.94519 0.0126893 0.999399 0.032261 -3.60366 -0.0576418 -0.0314789 0.997841 1.11376
0.991544 -0.119491 0.0506219 1.97673 0.113497 0.987631 0.108179 -3.5675 -0.0629223 -0.101519 0.992842 1.14512
0.953452 -0.29816 0.0450499 2.00733 0.285579 0.940805 0.182566 -3.51507 -0.0968171 -0.161203 0.982161 1.16545
0.895122 -0.445536 -0.0159632 2.0303 0.432992 0.860276 0.269152 -3.46319 -0.106184 -0.247836 0.962965 1.17313
0.853841 -0.518263 -0.0485711 2.05603 0.502391 0.796064 0.337469 -3.38189 -0.136232 -0.312546 0.940083 1.18723
0.792036 -0.607027 -0.0647864 2.15241 0.583818 0.722157 0.371007 -3.27901 -0.178425 -0.331674 0.926367 1.23868
0.715775 -0.68472 -0.137199 2.20682 0.673551 0.62505 0.394515 -3.18218 -0.184377 -0.374795 0.908589 1.27912
0.68776 -0.699614 -0.193715 2.23551 0.701463 0.571768 0.425477 -3.0897 -0.18691 -0.428511 0.883993 1.29842
0.644895 -0.732352 -0.218566 2.33138 0.725338 0.496369 0.476972 -2.877 -0.240822 -0.466131 0.851309 1.35147
0.54975 -0.794397 -0.258279 2.34118 0.778761 0.375561 0.502479 -2.76743 -0.302168 -0.477375 0.825111 1.35264
0.515629 -0.801102 -0.303913 2.37486 0.795064 0.315145 0.518224 -2.64122 -0.319374 -0.508842 0.799425 1.37225
0.462529 -0.832126 -0.305996 2.40301 0.827432 0.281164 0.486109 -2.48651 -0.318469 -0.47803 0.818575 1.38885
0.461446 -0.834344 -0.301559 2.44491 0.823805 0.276822 0.494686 -2.29429 -0.32926 -0.476697 0.815075 1.40679
0.470827 -0.824455 -0.314 2.53635 0.805309 0.256289 0.534596 -1.91276 -0.360276 -0.504569 0.784609 1.4397
0.491494 -0.818479 -0.297534 2.60859 0.800141 0.289521 0.525311 -1.64809 -0.343813 -0.496256 0.797196 1.50404
0.561948 -0.787501 -0.253093 2.70571 0.775699 0.395455 0.49184 -1.40834 -0.287238 -0.472713 0.833089 1.54938
0.624495 -0.749471 -0.21977 2.79234 0.743146 0.483624 0.462431 -1.22082 -0.240293 -0.452107 0.858987 1.60101
0.711642 -0.679555 -0.178245 2.9152 0.674502 0.589917 0.443898 -0.997084 -0.196504 -0.436123 0.87817 1.67971
0.766672 -0.627878 -0.134104 3.01304 0.616251 0.661042 0.428087 -0.90404 -0.180138 -0.410844 0.893732 1.72031
0.783565 -0.611461 -0.110191 3.16119 0.593713 0.684619 0.422849 -0.718515 -0.183117 -0.396751 0.899476 1.81007
0.812576 -0.576597 -0.0851857 3.27063 0.566798 0.747634 0.346098 -0.620125 -0.135871 -0.329514 0.934323 1.88273
0.880333 -0.471422 -0.0526806 3.37454 0.463097 0.830067 0.310691 -0.547753 -0.102738 -0.297908 0.94905 1.94559
0.925043 -0.379781 -0.00792771 3.45791 0.369606 0.895051 0.249549 -0.525149 -0.0876783 -0.233774 0.96833 1.98114
0.955804 -0.293888 -0.00831953 3.50567 0.290445 0.93946 0.181813 -0.518264 -0.0456167 -0.176194 0.983298 2.02547
0.985991 -0.166453 0.0106965 3.56578 0.164213 0.979965 0.112709 -0.544986 -0.029243 -0.109374 0.99357 2.07033
0.998952 -0.0420305 0.0181208 3.62596 0.0412423 0.998272 0.0418693 -0.571332 -0.0198493 -0.0410781 0.998959 2.11628
0.99597 0.088966 0.0113482 3.68136 -0.0887247 0.99585 -0.0202431 -0.607634 -0.0131021 0.0191547 0.999731 2.13985
0.963324 0.266417 0.0320717 3.73204 -0.260027 0.956308 -0.133642 -0.653647 -0.0662751 0.120401 0.990511 2.16132
0.9034 0.425654 -0.051847 3.75488 -0.42402 0.868772 -0.255818 -0.734515 -0.0638465 0.25309 0.965334 2.18342
0.815632 0.572488 -0.083679 3.78355 -0.559901 0.744568 -0.363497 -0.808555 -0.145793 0.343331 0.92783 2.19801
0.712145 0.689808 -0.130438 3.80931 -0.668055 0.608776 -0.427895 -0.882198 -0.215758 0.391863 0.894366 2.19693
0.64571 0.738601 -0.19372 3.79716 -0.724421 0.512346 -0.461212 -0.927248 -0.2414 0.438144 0.865884 2.2065
0.528083 0.804796 -0.270982 3.77787 -0.787108 0.344114 -0.511904 -1.01228 -0.31873 0.48362 0.815183 2.20153
0.395505 0.842461 -0.365835 3.77338 -0.829262 0.156312 -0.536555 -1.09114 -0.394842 0.515584 0.760443 2.19457
0.28474 0.864717 -0.413749 3.76273 -0.837453 0.0143597 -0.54632 -1.1602 -0.466471 0.502055 0.728249 2.17114
0.202552 0.86949 -0.450511 3.7313 -0.843397 -0.0788967 -0.531466 -1.27234 -0.497649 0.487609 0.717345 2.15176
0.260517 0.860704 -0.437402 3.72225 -0.864403 0.0061378 -0.502761 -1.47987 -0.430044 0.509069 0.745594 2.16187
0.195428 0.868297 -0.455926 3.72924 -0.854025 -0.0778698 -0.51437 -1.63214 -0.482129 0.489895 0.72633 2.15791
0.136361 0.855095 -0.500219 3.68726 -0.843516 -0.164571 -0.51127 -1.72391 -0.519506 0.49166 0.698845 2.13464
0.150621 0.86286 -0.48248 3.64416 -0.834236 -0.150928 -0.53035 -1.91556 -0.530437 0.482383 0.697096 2.12985
0.207047 0.87539 -0.436835 3.66625 -0.848382 -0.061712 -0.525776 -2.068 -0.487216 0.479463 0.729887 2.1104
0.290596 0.86724 -0.404288 3.6754 -0.85171 0.0418904 -0.522336 -2.2077 -0.436055 0.496125 0.75081 2.12516
0.307994 0.868577 -0.388218 3.68498 -0.851043 0.0691232 -0.520526 -2.45726 -0.425282 0.490709 0.760486 2.14914
0.348109 0.870189 -0.348699 3.73212 -0.846335 0.131758 -0.516097 -2.80517 -0.403158 0.474774 0.782338 2.16787
0.417675 0.860343 -0.292159 3.79867 -0.827458 0.227354 -0.513443 -3.03422 -0.375314 0.456201 0.806858 2.21131
0.483776 0.830769 -0.27529 3.868 -0.813846 0.311341 -0.490634 -3.24856 -0.321895 0.4614 0.826737 2.24183
0.548338 0.808121 -0.215095 3.93824 -0.78898 0.414674 -0.453384 -3.32134 -0.277195 0.418313 0.864973 2.28717
0.542382 0.812826 -0.212451 4.03707 -0.784066 0.398903 -0.475517 -3.52399 -0.301766 0.424487 0.853668 2.34943
0.468474 0.842555 -0.265769 4.0608 -0.813608 0.294192 -0.501491 -3.68716 -0.344347 0.451167 0.823331 2.34744
0.526819 0.815236 -0.240525 4.12497 -0.791812 0.367827 -0.487583 -3.89833 -0.309024 0.447318 0.839292 2.39643
0.615927 0.766832 -0.180563 4.20055 -0.745687 0.493543 -0.447623 -3.95367 -0.254136 0.410347 0.875803 2.44634
0.710714 0.691951 -0.126843 4.28431 -0.672927 0.61614 -0.409318 -4.02925 -0.205075 0.376264 0.903532 2.49101
0.795508 0.599936 -0.0851056 4.37978 -0.58714 0.728467 -0.352992 -4.07157 -0.149776 0.330777 0.931748 2.53314
0.865631 0.499471 -0.0348057 4.45073 -0.486458 0.822552 -0.294563 -4.07979 -0.118496 0.271915 0.954998 2.5596
0.915304 0.402737 0.00471295 4.52105 -0.39191 0.893273 -0.22016 -4.09026 -0.0928766 0.199666 0.975452 2.60655
0.958419 0.28494 0.0155787 4.59633 -0.278804 0.946626 -0.16176 -4.10096 -0.0608392 0.150691 0.986707 2.65409
0.980784 0.189965 0.044462 4.60193 -0.185468 0.978552 -0.089656 -4.07943 -0.0605398 0.0796868 0.99498 2.64348
0.992481 0.0883664 0.0846885 4.60862 -0.0872363 0.996043 -0.0169601 -4.0434 -0.0858521 0.00944469 0.996263 2.65003
0.994527 -0.0327013 0.0992288 4.61397 0.0248602 0.996545 0.0792527 -4.01279 -0.101478 -0.0763521 0.991904 2.64988
0.987178 -0.141899 0.073107 4.62529 0.129874 0.980274 0.14898 -3.98612 -0.0928051 -0.137575 0.986134 2.66912
0.961415 -0.269183 0.056765 4.66662 0.256775 0.952107 0.166009 -3.95764 -0.0987331 -0.145028 0.984489 2.68143
0.946966 -0.320975 0.015196 4.72673 0.304124 0.910513 0.280133 -3.85285 -0.103752 -0.260654 0.959841 2.71201
0.903884 -0.427679 0.00919427 4.76139 0.400304 0.853215 0.334336 -3.79173 -0.150833 -0.29852 0.942409 2.725
0.823506 -0.565809 -0.0412061 4.7736 0.531874 0.744763 0.403036 -3.73797 -0.197352 -0.353819 0.914256 2.73118
0.721352 -0.685123 -0.101286 4.75846 0.641767 0.606272 0.469648 -3.69504 -0.260359 -0.403784 0.877024 2.72673
0.643051 -0.739405 -0.199411 4.73412 0.710337 0.478577 0.516126 -3.66298 -0.286193 -0.473544 0.832976 2.72983
0.525331 -0.812666 -0.252195 4.71105 0.771336 0.329674 0.544386 -3.61763 -0.359261 -0.480509 0.800026 2.71798
0.407425 -0.843457 -0.350121 4.69571 0.800983 0.145883 0.580641 -3.58151 -0.438669 -0.517009 0.735032 2.68882
0.328946 -0.849432 -0.412626 4.67567 0.811202 0.0304668 0.583972 -3.55978 -0.483473 -0.526818 0.699083 2.68625
0.216031 -0.862387 -0.457842 4.66453 0.812049 -0.10167 0.574666 -3.49358 -0.542133 -0.495935 0.678336 2.66933
0.131603 -0.826299 -0.547641 4.61599 0.805512 -0.232855 0.544912 -3.44944 -0.577781 -0.512843 0.634949 2.66002
0.0286851 -0.799383 -0.600137 4.56311 0.7813 -0.35656 0.512283 -3.37676 -0.623496 -0.483582 0.61433 2.63309
-0.075751 -0.752384 -0.654355 4.50327 0.740072 -0.482218 0.468785 -3.3154 -0.668248 -0.448759 0.593346 2.601
-0.145581 -0.720083 -0.678444 4.4253 0.722911 -0.545588 0.42395 -3.17957 -0.67543 -0.428735 0.599984 2.56182
-0.113975 -0.74503 -0.657221 4.33947 0.732888 -0.509675 0.450673 -2.98726 -0.670734 -0.430304 0.604114 2.50177
-0.0250131 -0.775495 -0.630858 4.29644 0.751063 -0.431052 0.500099 -2.8515 -0.659757 -0.461305 0.593227 2.46935
-0.0169328 -0.776547 -0.629832 4.16396 0.771864 -0.410565 0.485451 -2.60617 -0.635562 -0.477925 0.60634 2.39527
-0.0354314 -0.776581 -0.62902 4.04338 0.778223 -0.416323 0.470153 -2.33141 -0.626987 -0.47286 0.619105 2.33587
-0.0480837 -0.760704 -0.647315 3.89138 0.761225 -0.447498 0.469341 -2.00182 -0.646702 -0.470185 0.600585 2.23203
-0.0668452 -0.74085 -0.668336 3.77345 0.738087 -0.487441 0.466507 -1.72176 -0.671386 -0.462106 0.579395 2.16167
-0.0258065 -0.803032 -0.595377 3.73905 0.795963 -0.376827 0.473755 -1.61595 -0.604795 -0.461672 0.648908 2.1538
0.0350048 -0.814227 -0.57949 3.69888 0.822847 -0.305599 0.479095 -1.47636 -0.567184 -0.493602 0.659287 2.14184
0.0640822 -0.816858 -0.573268 3.59313 0.807139 -0.295398 0.511142 -1.17411 -0.586873 -0.495462 0.640388 2.06145
0.156333 -0.841259 -0.517535 3.59252 0.851542 -0.150684 0.502165 -1.05636 -0.500435 -0.519208 0.692811 2.08338
0.286766 -0.853337 -0.435408 3.62374 0.856339 0.024578 0.515829 -0.92947 -0.429474 -0.520779 0.737794 2.09731
0.366623 -0.849312 -0.379812 3.66107 0.836954 0.122787 0.533321 -0.808077 -0.406319 -0.513413 0.755851 2.11359
0.449865 -0.827251 -0.336566 3.70328 0.821278 0.235126 0.519826 -0.62385 -0.350891 -0.510266 0.785178 2.13795
0.529815 -0.796739 -0.290694 3.74957 0.790231 0.339299 0.510305 -0.533827 -0.307948 -0.500083 0.809373 2.15845
0.613408 -0.759906 -0.215114 3.79197 0.746729 0.469364 0.471267 -0.505833 -0.257152 -0.449711 0.855355 2.19112
0.709156 -0.682028 -0.178704 3.83319 0.678936 0.592244 0.433927 -0.461699 -0.190114 -0.429051 0.883047 2.21384
0.824757 -0.560794 -0.0727081 3.88983 0.545576 0.755292 0.363154 -0.444037 -0.148739 -0.339181 0.928888 2.23372
0.900573 -0.43204 -0.0480632 3.94981 0.423659 0.84754 0.31967 -0.442535 -0.0973748 -0.308248 0.946309 2.28049
0.937284 -0.348528 -0.00525821 3.97392 0.337974 0.905004 0.258345 -0.453124 -0.0852818 -0.24392 0.966038 2.30276
0.982576 -0.185313 0.0142887 4.00911 0.178838 0.963577 0.198836 -0.465673 -0.0506151 -0.192816 0.979929 2.34275
0.992132 -0.116503 0.0458458 4.06052 0.110682 0.987324 0.113755 -0.48818 -0.0585176 -0.107786 0.99245 2.366
0.996571 -0.0673428 0.0480819 4.20617 0.0639009 0.995509 0.0698507 -0.467674 -0.0525699 -0.0665387 0.996398 2.43098
0.998032 0.0183787 0.0599547 4.35832 -0.0194398 0.999664 0.0171639 -0.455108 -0.0596191 -0.0182956 0.998054 2.5127
0.99798 0.0596815 0.0217628 4.46452 -0.0575729 0.994524 -0.0872148 -0.490019 -0.0268488 0.0857857 0.995952 2.59482
0.982977 0.183243 0.0133565 4.63519 -0.181078 0.978536 -0.0983805 -0.513596 -0.0310973 0.0942872 0.995059 2.69269
0.973066 0.230196 0.0123471 4.8431 -0.226706 0.965275 -0.129804 -0.603373 -0.0417987 0.123508 0.991463 2.82192
0.951179 0.308637 0.000996979 5.06732 -0.303502 0.935932 -0.178658 -0.726361 -0.0560735 0.169633 0.983911 2.93805
0.92319 0.384044 -0.0151785 5.28714 -0.378391 0.901258 -0.211077 -0.861425 -0.0673832 0.200608 0.977352 3.08347
0.963874 0.266292 0.0058798 5.41685 -0.262327 0.952883 -0.152308 -0.902608 -0.0461612 0.145263 0.988316 3.16052
0.986929 0.156853 0.0369809 5.55563 -0.154326 0.985982 -0.0634251 -0.893867 -0.046411 0.0568889 0.997301 3.24259
0.998279 0.0429593 0.0399148 5.67703 -0.0429815 0.999076 -0.000302416 -0.861033 -0.0398909 -0.0014137 0.999203 3.30897
0.996239 -0.0816964 0.0288818 5.78296 0.0794393 0.994225 0.0721571 -0.822245 -0.03461 -0.0695914 0.996975 3.35879
0.97069 -0.240237 0.00687144 5.86229 0.235754 0.957354 0.167013 -0.764688 -0.046701 -0.160498 0.985931 3.39965
0.930237 -0.366328 -0.0215283 5.88441 0.357535 0.891573 0.277969 -0.717171 -0.0826335 -0.266274 0.960349 3.39178
0.882018 -0.469283 -0.0426321 5.87667 0.455777 0.826654 0.330016 -0.683662 -0.119629 -0.310511 0.943012 3.38838
0.822644 -0.563367 -0.076644 5.86365 0.545529 0.744145 0.385546 -0.652496 -0.160169 -0.358979 0.9195 3.39402
0.748107 -0.652152 -0.122608 5.83189 0.634889 0.649698 0.418101 -0.635938 -0.193007 -0.390627 0.900088 3.38539
0.662751 -0.732852 -0.153915 5.83147 0.698416 0.530779 0.480094 -0.624489 -0.270143 -0.425679 0.863609 3.38129
0.596499 -0.779858 -0.189763 5.8257 0.731523 0.430968 0.528337 -0.601492 -0.330246 -0.453968 0.827557 3.36747
0.516746 -0.813515 -0.266772 5.83612 0.770378 0.3059 0.559413 -0.54315 -0.373485 -0.49459 0.784786 3.37596
0.419703 -0.848135 -0.323289 5.84158 0.802799 0.180679 0.568215 -0.484752 -0.423512 -0.498018 0.756714 3.38886
0.294994 -0.861853 -0.412538 5.80441 0.826608 0.0136278 0.562613 -0.428441 -0.479268 -0.506974 0.716435 3.36886
0.179547 -0.83734 -0.516356 5.73984 0.820556 -0.162052 0.548113 -0.388374 -0.542634 -0.522111 0.657988 3.33034
0.0789774 -0.828974 -0.553682 5.70661 0.787473 -0.288693 0.544557 -0.366693 -0.611268 -0.479018 0.629994 3.3042
-0.0155558 -0.787433 -0.616204 5.66776 0.753319 -0.414464 0.510617 -0.352515 -0.657471 -0.456255 0.599636 3.27729
-0.0856366 -0.724835 -0.683579 5.62498 0.697792 -0.533362 0.478134 -0.351578 -0.711163 -0.43605 0.551459 3.23994
-0.19489 -0.625634 -0.755381 5.59304 0.620962 -0.674851 0.398727 -0.353003 -0.759226 -0.391355 0.520016 3.21301
-0.28105 -0.510921 -0.812386 5.53813 0.517776 -0.79346 0.31989 -0.358438 -0.808034 -0.330728 0.487545 3.17589
-0.356967 -0.42239 -0.833163 5.45675 0.408706 -0.872646 0.267297 -0.33125 -0.83996 -0.245103 0.48414 3.13364
-0.379165 -0.349395 -0.85683 5.3523 0.368404 -0.906421 0.206591 -0.265179 -0.84883 -0.237327 0.472401 3.08372
-0.434765 -0.290531 -0.852391 5.2456 0.283873 -0.942487 0.176448 -0.229906 -0.854631 -0.165258 0.492235 3.01234
-0.440877 -0.11948 -0.88958 5.19719 0.13572 -0.988579 0.0655129 -0.277623 -0.887247 -0.0918509 0.452057 2.98965
-0.44232 -0.0193974 -0.896647 5.16047 0.00996818 -0.999811 0.0167118 -0.31348 -0.896802 -0.00154596 0.44243 2.98102
-0.471837 0.0784603 -0.878188 5.10168 -0.0869739 -0.995317 -0.0421953 -0.336553 -0.877386 0.0564702 0.476451 2.95172
-0.455988 0.211906 -0.864391 5.039 -0.203826 -0.970291 -0.130344 -0.38378 -0.866332 0.11675 0.485633 2.91487
-0.439445 0.305457 -0.844739 4.97595 -0.306758 -0.934903 -0.178481 -0.419702 -0.844267 0.180698 0.50454 2.88094
-0.456353 0.196337 -0.867867 4.84631 -0.179519 -0.975611 -0.126315 -0.434457 -0.871501 0.0981548 0.48047 2.80109
-0.445017 0.172905 -0.878672 4.59328 -0.132571 -0.983092 -0.12631 -0.500516 -0.885655 0.0602765 0.460415 2.65589
-0.446868 0.156737 -0.880762 4.29252 -0.131439 -0.985351 -0.108662 -0.565137 -0.884891 0.0672089 0.460923 2.48509
-0.445837 0.135567 -0.884789 3.88921 -0.103987 -0.989616 -0.0992303 -0.658253 -0.889053 0.0477656 0.455305 2.25513
-0.44163 0.0217023 -0.896935 3.76269 0.0153416 -0.999379 -0.0317349 -0.667518 -0.897066 -0.0277755 0.441023 2.15938
-0.445884 -0.114045 -0.887796 3.58646 0.120906 -0.990434 0.0665063 -0.618041 -0.886888 -0.077686 0.455407 2.07989
-0.423526 -0.216021 -0.87975 3.44132 0.234412 -0.964208 0.12391 -0.548088 -0.87503 -0.153745 0.459005 1.98255
-0.387147 -0.31497 -0.866551 3.26586 0.331507 -0.924543 0.187943 -0.428353 -0.860361 -0.214507 0.462349 1.88083
-0.353692 -0.399636 -0.845691 3.16092 0.414785 -0.877386 0.241138 -0.316294 -0.838365 -0.265492 0.476087 1.80707
-0.287675 -0.50206 -0.815585 3.0155 0.510639 -0.800848 0.312875 -0.19414 -0.810242 -0.326463 0.486755 1.72983
-0.213086 -0.608327 -0.764548 2.96566 0.609018 -0.694595 0.382929 -0.101721 -0.763997 -0.384027 0.51849 1.68832
-0.179485 -0.693028 -0.69821 2.93261 0.668184 -0.606785 0.430514 -0.0141569 -0.722021 -0.389262 0.571979 1.68664
-0.0646835 -0.777631 -0.625385 2.92931 0.748009 -0.452603 0.48542 0.0956901 -0.660529 -0.436395 0.610951 1.67857
0.0316471 -0.814048 -0.579934 2.90386 0.787822 -0.336753 0.515688 0.234129 -0.61509 -0.473205 0.630668 1.65535
0.133746 -0.828642 -0.543567 2.87202 0.825559 -0.210271 0.523678 0.42938 -0.548238 -0.518786 0.65597 1.65562
0.19529 -0.839548 -0.506973 2.86611 0.835226 -0.128578 0.534663 0.594671 -0.514061 -0.527851 0.676102 1.64759
0.258697 -0.848659 -0.461361 2.86781 0.837005 -0.0414738 0.545621 0.815909 -0.482181 -0.527312 0.699603 1.64875
0.386409 -0.847201 -0.364608 2.91167 0.823146 0.138435 0.550696 0.918354 -0.416076 -0.51292 0.750862 1.66048
0.422628 -0.85841 -0.290721 2.9677 0.828686 0.236128 0.507466 1.05888 -0.366967 -0.455386 0.811147 1.7118
0.486249 -0.827261 -0.281428 3.03206 0.80997 0.305852 0.500402 1.28839 -0.327888 -0.471268 0.818777 1.74833
0.602946 -0.759188 -0.245133 3.10167 0.7573 0.448025 0.475154 1.4611 -0.250905 -0.472131 0.845067 1.79982
0.68016 -0.707995 -0.190067 3.17737 0.697996 0.546243 0.463055 1.59297 -0.224018 -0.447617 0.865711 1.83028
0.748745 -0.65239 -0.117333 3.2441 0.635457 0.656092 0.40711 1.63972 -0.188613 -0.379382 0.905811 1.87739
0.817327 -0.570504 -0.0806341 3.38496 0.556847 0.746196 0.364847 1.74493 -0.147978 -0.3431 0.927569 1.95999
0.879134 -0.474749 -0.0416802 3.48514 0.463665 0.831825 0.305094 1.81243 -0.110172 -0.287544 0.95141 2.03242
0.922601 -0.38565 -0.0089927 3.59931 0.375674 0.892953 0.248002 1.85803 -0.0876118 -0.232185 0.968718 2.08561
0.966897 -0.254711 0.0152384 3.7338 0.249527 0.956328 0.152225 1.86858 -0.0533463 -0.143384 0.988228 2.16247
0.987591 -0.152223 0.0386302 3.83526 0.148281 0.984845 0.0899617 1.84509 -0.0517391 -0.0831172 0.995196 2.22341
0.997157 -0.0711384 0.0248635 4.05558 0.0706515 0.997302 0.0199415 1.85993 -0.026215 -0.0181282 0.999492 2.36094
0.998966 -0.007499 0.0448303 4.35661 0.00747948 0.999972 0.000603194 1.89135 -0.0448336 -0.000267262 0.998994 2.53244
0.99378 0.0946691 0.0586446 4.52456 -0.0923474 0.994878 -0.0411145 1.87897 -0.0622364 0.0354431 0.997432 2.62766
0.996054 0.079816 0.038802 4.78564 -0.0782221 0.996093 -0.0409957 1.81597 -0.0419225 0.0377988 0.998406 2.79027
0.995219 0.0851647 0.0478166 5.07596 -0.0836807 0.995971 -0.0322277 1.80862 -0.0503686 0.0280723 0.998336 2.94687
0.997928 0.04671 0.0442491 5.24982 -0.0459765 0.99879 -0.0174537 1.81116 -0.0450109 0.0153831 0.998868 3.06135
0.999151 -0.0349498 0.0218328 5.37434 0.0329473 0.995735 0.0861755 1.83249 -0.0247515 -0.085383 0.996041 3.14201
0.993877 -0.106274 0.0302345 5.61357 0.102744 0.989574 0.10093 1.86975 -0.0406455 -0.0972052 0.994434 3.2607
0.976219 -0.213612 0.0369592 5.88709 0.206083 0.967343 0.14757 1.97641 -0.067275 -0.136444 0.988361 3.41301
0.939291 -0.342936 0.0112797 5.87298 0.332383 0.917561 0.218183 2.01913 -0.0851728 -0.201189 0.975843 3.41736
0.899112 -0.437713 0.00215283 5.86781 0.420244 0.864584 0.275482 2.05848 -0.122443 -0.246785 0.961304 3.4137
0.850095 -0.526043 -0.024849 5.8521 0.502733 0.796565 0.335773 2.09229 -0.156837 -0.297931 0.941615 3.40529
0.794751 -0.603273 -0.0665866 5.82407 0.572258 0.708265 0.413379 2.12672 -0.202219 -0.366638 0.908121 3.37994
0.725973 -0.675096 -0.131183 5.79254 0.638253 0.590343 0.494093 2.15008 -0.256117 -0.442426 0.859455 3.35118
0.655675 -0.731997 -0.185123 5.77376 0.686793 0.476337 0.549015 2.20203 -0.313697 -0.487117 0.815053 3.32251
0.610803 -0.754711 -0.239439 5.72655 0.68994 0.358954 0.628597 2.24926 -0.388461 -0.549148 0.739956 3.27205
0.506895 -0.818353 -0.270842 5.7034 0.741207 0.25338 0.621619 2.26479 -0.440078 -0.515846 0.735007 3.2707
0.440821 -0.816426 -0.372995 5.6893 0.763153 0.122146 0.634569 2.27679 -0.472519 -0.564384 0.676903 3.26275
0.333808 -0.848555 -0.41052 5.69484 0.779592 0.00369459 0.626276 2.28709 -0.529913 -0.529094 0.66276 3.2624
0.20554 -0.871956 -0.444349 5.67289 0.749051 -0.152037 0.644831 2.30777 -0.629822 -0.465379 0.62189 3.24748
0.0797112 -0.861705 -0.50111 5.64731 0.76188 -0.271504 0.588068 2.36902 -0.642794 -0.428661 0.634874 3.26635
0.006782 -0.789409 -0.61383 5.58817 0.756318 -0.397518 0.519579 2.45217 -0.654169 -0.467775 0.594348 3.24672
-0.0520472 -0.709868 -0.70241 5.47767 0.74612 -0.495149 0.44512 2.58743 -0.663774 -0.500915 0.555418 3.18248
-0.155919 -0.679354 -0.717055 5.39973 0.677616 -0.601751 0.422768 2.65204 -0.718697 -0.41997 0.554165 3.13589
-0.266057 -0.56722 -0.779407 5.28065 0.580247 -0.739896 0.340394 2.74161 -0.769758 -0.361684 0.525982 3.07221
-0.352787 -0.436449 -0.82768 5.15919 0.437764 -0.858763 0.266249 2.74689 -0.826985 -0.2684 0.494022 3.00203
-0.400594 -0.282812 -0.871517 5.08334 0.292473 -0.940881 0.170885 2.73538 -0.868323 -0.18644 0.459626 2.94815
-0.437156 -0.122408 -0.891017 5.00433 0.150364 -0.986698 0.0617804 2.71705 -0.886727 -0.106969 0.449747 2.90804
-0.450353 0.00986327 -0.892796 4.92834 0.0347355 -0.998988 -0.0285581 2.67741 -0.892175 -0.0438729 0.449555 2.86478
-0.451093 0.124294 -0.883779 4.82386 -0.0861488 -0.991695 -0.0955001 2.64067 -0.888309 0.0330571 0.458055 2.80547
-0.44761 0.22874 -0.864479 4.72454 -0.158668 -0.971707 -0.174957 2.59503 -0.88004 0.0588533 0.471239 2.7568
-0.436123 0.276497 -0.856356 4.59413 -0.236771 -0.953354 -0.187232 2.53961 -0.86818 0.121104 0.481246 2.67024
-0.431414 0.28209 -0.856917 4.28145 -0.24083 -0.951398 -0.191946 2.40915 -0.869415 0.123563 0.478382 2.48757
-0.428616 0.300725 -0.85197 4.00805 -0.270061 -0.942512 -0.19682 2.26988 -0.862181 0.145724 0.48519 2.32935
-0.44138 0.271855 -0.855148 3.73873 -0.238124 -0.95432 -0.180475 2.21363 -0.865148 0.123973 0.485952 2.16811
-0.446804 0.161666 -0.879903 3.53867 -0.152745 -0.982881 -0.103024 2.14728 -0.881496 0.0883688 0.463849 2.04369
-0.448347 0.0988081 -0.888382 3.33679 -0.0463403 -0.995104 -0.0872911 2.15415 -0.892658 0.00203126 0.45073 1.9141
-0.439517 0.0814545 -0.894534 3.03911 -0.0487495 -0.996575 -0.0667938 2.17303 -0.896911 0.0142511 0.441982 1.7493
-0.455328 0.104689 -0.884147 2.66933 -0.0656071 -0.994308 -0.0839457 2.09823 -0.887903 0.0197835 0.459605 1.54551
-0.446543 0.11348 -0.887537 2.31165 -0.0977001 -0.992178 -0.0777036 1.98779 -0.889412 0.0520145 0.454137 1.33644
-0.444566 0.12793 -0.886564 1.92984 -0.104489 -0.990398 -0.0905174 1.86628 -0.889631 0.0523956 0.453664 1.11042
-0.461473 0.0597751 -0.885138 1.73445 -0.00619455 -0.99792 -0.064162 1.83806 -0.887133 -0.024126 0.460884 0.99459
-0.470116 -0.050095 -0.881182 1.58976 0.0656703 -0.997606 0.0216782 1.8302 -0.880158 -0.0476762 0.47228 0.921139
-0.433858 -0.175021 -0.883818 1.44241 0.174726 -0.978672 0.108033 1.88429 -0.883877 -0.107555 0.455185 0.826778
-0.425517 -0.276181 -0.861777 1.35141 0.259222 -0.949586 0.176326 1.93454 -0.867029 -0.148361 0.475657 0.784723
-0.379461 -0.369919 -0.848038 1.22402 0.376654 -0.898964 0.223597 2.04307 -0.845069 -0.234571 0.480453 0.721903
-0.332196 -0.462177 -0.822215 1.10305 0.468912 -0.837287 0.281197 2.15712 -0.818393 -0.292134 0.494864 0.637732
-0.27295 -0.55823 -0.783504 1.03467 0.5532 -0.757383 0.346901 2.24884 -0.787063 -0.338748 0.515541 0.601172
-0.191667 -0.636058 -0.747459 0.983606 0.630057 -0.663672 0.403196 2.35352 -0.752524 -0.393662 0.527957 0.567032
-0.132143 -0.687206 -0.714343 0.932934 0.698003 -0.576199 0.42519 2.45389 -0.703797 -0.442428 0.555813 0.526466
-0.0601959 -0.755753 -0.652084 0.861834 0.738975 -0.472905 0.479872 2.64295 -0.671039 -0.452987 0.586949 0.495775
0.0317644 -0.797048 -0.60308 0.821984 0.797589 -0.343427 0.495893 2.81385 -0.602364 -0.496762 0.624808 0.465502
0.107171 -0.838461 -0.53432 0.825642 0.833768 -0.216966 0.507698 2.90901 -0.541614 -0.499909 0.675829 0.477791
0.210346 -0.860562 -0.463883 0.834989 0.845791 -0.0777816 0.527814 3.05349 -0.490299 -0.503372 0.711494 0.484609
0.288074 -0.867225 -0.406122 0.879024 0.850379 0.0366716 0.524891 3.27798 -0.440305 -0.496565 0.748034 0.501105
0.375947 -0.850349 -0.368199 0.916697 0.829343 0.131526 0.543038 3.4755 -0.413344 -0.509517 0.754678 0.511062
0.431174 -0.834375 -0.343377 0.945506 0.822588 0.207147 0.529565 3.62629 -0.370726 -0.510792 0.775663 0.543357
0.538843 -0.803897 -0.251791 1.02249 0.763909 0.340304 0.548304 3.7283 -0.355094 -0.487795 0.797474 0.574089
0.595942 -0.771318 -0.223433 1.1288 0.751663 0.437883 0.493216 3.96795 -0.282589 -0.461874 0.840723 0.637657
0.659295 -0.729223 -0.183204 1.22453 0.711225 0.525805 0.46657 4.20744 -0.243904 -0.437907 0.865303 0.698705
0.748641 -0.654977 -0.102672 1.35541 0.625981 0.647329 0.434872 4.38111 -0.218369 -0.389834 0.89462 0.761648
0.8186 -0.570148 -0.0694579 1.439 0.556054 0.756399 0.344477 4.41773 -0.143865 -0.320612 0.936222 0.829699
0.865543 -0.500297 -0.0231975 1.54761 0.48195 0.819413 0.310302 4.46099 -0.136235 -0.27976 0.950355 0.892355
0.914531 -0.404452 -0.00718363 1.66776 0.393932 0.886428 0.24303 4.53333 -0.0919261 -0.225088 0.969992 0.961125
0.965127 -0.261132 0.0184399 1.79197 0.254013 0.951192 0.175247 4.57351 -0.0633025 -0.164452 0.984352 1.03692
0.984618 -0.168149 0.0474694 1.93334 0.161331 0.979271 0.122476 4.59093 -0.0670797 -0.112934 0.991336 1.10668
0.996892 -0.0681989 0.0394337 2.16291 0.0645283 0.99404 0.0878619 4.60813 -0.0451908 -0.0850442 0.995352 1.2443
0.998205 0.0263693 0.0537748 2.31643 -0.0282878 0.998979 0.0352325 4.59349 -0.0527909 -0.0366904 0.997931 1.31632
0.998042 0.0337024 0.0526904 2.52417 -0.0344954 0.999304 0.0142147 4.55722 -0.0521746 -0.0160044 0.99851 1.45679
0.998929 -0.00658015 0.0458047 2.77178 0.00465375 0.999105 0.0420372 4.58111 -0.0460404 -0.041779 0.998066 1.59707
0.999092 -0.0154211 0.0397272 3.07243 0.0138914 0.999162 0.0384959 4.65596 -0.0402876 -0.0379091 0.998469 1.77059
0.998364 -0.0360257 0.0444076 3.39508 0.0339312 0.998316 0.0470495 4.66087 -0.0460278 -0.0454657 0.997905 1.96607
0.997564 -0.0241257 0.0654564 3.77704 0.0207561 0.998448 0.0516799 4.66112 -0.0666016 -0.0501954 0.996516 2.18554
0.997538 0.0011713 0.0701222 4.09564 -0.0034742 0.999458 0.0327284 4.71193 -0.0700459 -0.0328914 0.997001 2.36899
0.998668 0.0168862 0.0487492 4.36322 -0.0181024 0.999533 0.0246159 4.73347 -0.0483107 -0.0254656 0.998508 2.54357
0.998516 0.0324558 0.0437314 4.70188 -0.0327803 0.99944 0.00672392 4.70513 -0.0434887 -0.00814747 0.999021 2.73256
0.995015 0.0711194 0.0699045 4.97336 -0.069941 0.997367 -0.0191665 4.6793 -0.0710836 0.0141817 0.99737 2.87862
0.997481 0.0515345 0.048742 5.19564 -0.050072 0.998272 -0.0307636 4.64314 -0.0502432 0.0282455 0.998338 3.01059
0.996405 0.0470969 0.0704261 5.4108 -0.0460591 0.998806 -0.0162888 4.63539 -0.0711091 0.0129864 0.997384 3.14688
0.99832 0.010664 0.0569559 5.65949 -0.0130177 0.99907 0.0411148 4.63274 -0.0564645 -0.0417872 0.99753 3.31351
0.994055 -0.105063 0.0285617 5.74724 0.102793 0.992106 0.0718319 4.6496 -0.0358831 -0.068469 0.997008 3.35167
0.975869 -0.209665 0.0609949 5.75367 0.19978 0.970053 0.138151 4.71152 -0.0881337 -0.122632 0.988531 3.35417
0.958032 -0.273593 0.0855601 5.81705 0.250297 0.943868 0.215557 4.80272 -0.139732 -0.185095 0.972736 3.36052
0.930633 -0.359985 0.065825 5.90314 0.331636 0.905656 0.264207 4.85632 -0.154725 -0.22405 0.962217 3.40745
0.908163 -0.418589 0.00481695 5.92958 0.391279 0.852888 0.345662 4.90442 -0.148799 -0.312033 0.938347 3.44027
0.826636 -0.559568 -0.059644 5.96886 0.531489 0.741507 0.409496 4.9809 -0.184914 -0.370204 0.91036 3.46159
0.694431 -0.703002 -0.153471 5.95204 0.673818 0.560493 0.481474 5.03735 -0.252458 -0.437762 0.862919 3.4466
0.609239 -0.771556 -0.183109 5.94126 0.728534 0.453407 0.513478 5.05374 -0.313155 -0.446232 0.838338 3.43825
0.517968 -0.804062 -0.29188 5.9094 0.769954 0.289589 0.568603 5.09546 -0.372667 -0.519252 0.769088 3.42033
0.394087 -0.838602 -0.376089 5.88009 0.817005 0.132226 0.561266 5.12981 -0.42095 -0.528454 0.73725 3.41748
0.286413 -0.845042 -0.451522 5.86787 0.818627 -0.0290209 0.573592 5.16457 -0.497812 -0.533912 0.683462 3.40082
0.195413 -0.830894 -0.520988 5.84291 0.815254 -0.157659 0.557229 5.18618 -0.545137 -0.533627 0.646581 3.39019
0.0487781 -0.795218 -0.604358 5.80253 0.779182 -0.348267 0.521139 5.20545 -0.624897 -0.496325 0.602632 3.37035
-0.057734 -0.746676 -0.662677 5.7594 0.707484 -0.49893 0.500535 5.23086 -0.704367 -0.439936 0.557067 3.34452
-0.126046 -0.667276 -0.734067 5.74042 0.639153 -0.620539 0.454329 5.25634 -0.758681 -0.411914 0.504708 3.32093
-0.20097 -0.569368 -0.797139 5.70386 0.582153 -0.723877 0.37027 5.24053 -0.78785 -0.389644 0.476937 3.30515
-0.285449 -0.498448 -0.818577 5.67758 0.491534 -0.809366 0.321435 5.26325 -0.822747 -0.310605 0.476037 3.28508
-0.357841 -0.361272 -0.861065 5.62381 0.356402 -0.905159 0.231658 5.25184 -0.863092 -0.223989 0.452661 3.26194
-0.404369 -0.286118 -0.86869 5.59173 0.247285 -0.948634 0.19734 5.23568 -0.880532 -0.135015 0.454351 3.24218
-0.437653 -0.16279 -0.884285 5.55369 0.140427 -0.983781 0.111605 5.22605 -0.88811 -0.0753336 0.453414 3.21791
-0.444798 -0.0572662 -0.893798 5.49605 0.0592866 -0.997648 0.034416 5.19105 -0.893667 -0.0376821 0.447147 3.17127
-0.481957 -0.0149955 -0.876067 5.38311 0.00335616 -0.999878 0.0152684 5.10007 -0.876189 0.00441848 0.481948 3.10762
-0.50529 -0.0196236 -0.862726 5.23853 0.00527039 -0.999793 0.0196545 5.10173 -0.862933 0.00538432 0.505289 3.03435
-0.498493 0.0124902 -0.866804 5.09661 0.0229999 -0.999354 -0.0276272 5.11001 -0.866589 -0.0337083 0.497883 2.95568
-0.488595 0.0255129 -0.872138 4.8734 -0.0142588 -0.999672 -0.0212555 5.16664 -0.872394 0.00205027 0.488799 2.8456
-0.45099 0.0645594 -0.890191 4.65937 -0.0473475 -0.997707 -0.0483695 5.12087 -0.891272 0.0203342 0.453013 2.70201
-0.42216 0.156456 -0.892918 4.46567 -0.111066 -0.9865 -0.120343 5.05299 -0.899692 0.0483688 0.433838 2.58125
-0.439772 0.206072 -0.874148 4.25824 -0.164706 -0.975318 -0.147061 4.99906 -0.882877 0.0793038 0.462859 2.47588
-0.439756 0.19473 -0.876752 3.95764 -0.154291 -0.978078 -0.139847 4.92181 -0.884765 0.0737766 0.460161 2.28927
-0.430975 0.168312 -0.886528 3.76303 -0.150695 -0.982079 -0.113194 4.84182 -0.889692 0.0848111 0.448615 2.16215
-0.448057 0.16384 -0.878864 3.51793 -0.157053 -0.9822 -0.103037 4.74984 -0.880102 0.0918623 0.465813 2.03066
-0.452348 0.181021 -0.873277 3.10395 -0.140997 -0.981385 -0.130395 4.67214 -0.880625 0.0641456 0.469451 1.79874
-0.433218 0.183194 -0.882475 2.78494 -0.169505 -0.978214 -0.119857 4.57331 -0.885207 0.0976595 0.454832 1.59463
-0.442832 0.115611 -0.88912 2.52265 -0.117208 -0.990607 -0.0704306 4.53904 -0.888911 0.0730228 0.452223 1.45196
-0.447454 0.104888 -0.888135 2.08256 -0.0742014 -0.994028 -0.0800107 4.4906 -0.891223 0.0300997 0.452565 1.20187
-0.452218 0.105321 -0.885667 1.75617 -0.0746264 -0.993989 -0.0800986 4.46447 -0.88878 0.0298721 0.45736 1.00998
-0.445888 0.0570054 -0.893272 1.39333 -0.0181217 -0.99834 -0.0546648 4.35224 -0.894905 -0.00818676 0.446181 0.784494
-0.457446 -0.106853 -0.882794 1.19443 0.0978598 -0.992774 0.0694557 4.39517 -0.883836 -0.0546178 0.464597 0.700914
-0.413818 -0.277404 -0.867065 1.05026 0.280613 -0.944934 0.168391 4.50243 -0.866032 -0.173627 0.468874 0.615546
-0.369823 -0.438019 -0.819372 0.926527 0.403908 -0.869997 0.282778 4.6066 -0.836714 -0.226373 0.498664 0.529589
-0.287587 -0.551179 -0.78326 0.852869 0.535626 -0.77052 0.345549 4.70619 -0.793976 -0.320159 0.516817 0.482211
-0.173805 -0.662006 -0.729068 0.797856 0.642176 -0.637463 0.425737 4.81309 -0.746594 -0.394195 0.535918 0.43187
-0.0778277 -0.781508 -0.619022 0.745038 0.729475 -0.467869 0.498964 4.981 -0.679565 -0.412728 0.606503 0.411431
0.0498264 -0.823359 -0.56533 0.716186 0.788594 -0.314916 0.528155 5.16463 -0.612892 -0.472132 0.633605 0.40153
0.141209 -0.847666 -0.511393 0.709885 0.806858 -0.200769 0.555582 5.35065 -0.57362 -0.491075 0.655596 0.388592
0.252946 -0.855216 -0.452353 0.711262 0.813864 -0.0647122 0.577441 5.55812 -0.52311 -0.514215 0.679661 0.375757
0.294137 -0.852674 -0.431775 0.718536 0.833822 0.00812687 0.551973 5.89332 -0.467144 -0.522379 0.713369 0.382367
0.351128 -0.849752 -0.393231 0.736075 0.824443 0.0815037 0.560046 6.34675 -0.44385 -0.520844 0.72919 0.394406
0.423119 -0.841245 -0.336566 0.802236 0.819618 0.197009 0.537972 6.71516 -0.38626 -0.503481 0.772858 0.452509
0.498373 -0.825986 -0.263384 0.865129 0.800384 0.321601 0.505923 6.87296 -0.333181 -0.462947 0.821383 0.489602
0.624642 -0.754583 -0.201063 0.987115 0.734944 0.481021 0.477993 7.08146 -0.26397 -0.446345 0.855042 0.550592
0.735294 -0.666299 -0.12405 1.08172 0.644703 0.631174 0.431251 7.17531 -0.209044 -0.397072 0.893664 0.582257
0.821108 -0.567295 -0.0629103 1.18889 0.556978 0.772295 0.30551 7.2172 -0.124729 -0.285896 0.950108 0.653353
0.886041 -0.463357 -0.0152166 1.29625 0.449256 0.850047 0.274934 7.26204 -0.114458 -0.250439 0.961343 0.711337
0.912605 -0.408814 0.00472008 1.44559 0.3975 0.889931 0.223644 7.32889 -0.0956293 -0.202222 0.97466 0.792683
0.951282 -0.308256 0.00642789 1.5498 0.299625 0.929162 0.216523 7.36525 -0.0727169 -0.204048 0.976256 0.854662
0.968581 -0.238358 0.070966 1.66948 0.223128 0.958894 0.175318 7.38437 -0.109837 -0.153975 0.981951 0.903997
0.985669 -0.161611 0.0483505 1.76285 0.156727 0.98336 0.0918645 7.39011 -0.0623923 -0.0829702 0.994597 0.980936
0.997161 -0.0510222 0.0553748 1.99738 0.0488624 0.998017 0.0396807 7.39679 -0.0572896 -0.0368623 0.997677 1.12008
0.998721 0.0386554 0.0325801 2.12235 -0.0374969 0.998668 -0.0354478 7.35831 -0.033907 0.0341808 0.99884 1.20162
0.990217 0.136276 0.0299976 2.37808 -0.133459 0.987695 -0.0815347 7.33177 -0.0407397 0.0767335 0.996219 1.34451
0.993069 0.110193 0.040881 2.65121 -0.108238 0.992998 -0.0473153 7.2782 -0.0458086 0.0425625 0.998043 1.5014
0.99708 0.0425783 0.0633855 2.86989 -0.0437226 0.998903 0.0167763 7.29113 -0.0626016 -0.0194987 0.997848 1.63878
0.999421 0.00099441 0.0339955 3.20471 -0.00185741 0.999677 0.0253636 7.28155 -0.0339592 -0.0254121 0.9991 1.82309
0.998819 -0.00291527 0.0484996 3.60741 0.000657341 0.998918 0.0465066 7.30376 -0.0485827 -0.0464198 0.99774 2.05203
0.999638 -0.0034571 0.0266989 3.9658 0.00231485 0.999085 0.0426955 7.3462 -0.0268221 -0.0426182 0.998731 2.27731
0.995018 0.0975351 0.0206299 4.10538 -0.097063 0.995018 -0.0227682 7.31444 -0.0227478 0.0206524 0.999528 2.37031
0.987602 0.149923 0.0465297 4.36801 -0.146505 0.986745 -0.069786 7.26842 -0.0563755 0.062104 0.996476 2.51418
0.99215 0.116145 0.046347 4.55336 -0.114184 0.992531 -0.0429439 7.24267 -0.0509886 0.0373147 0.998002 2.61822
0.997352 0.0548912 0.0477098 4.68101 -0.0556452 0.998344 0.0146217 7.25594 -0.0468281 -0.0172378 0.998754 2.71091
0.998413 -0.0383615 0.0412197 4.76809 0.0355179 0.997078 0.0676341 7.28475 -0.0436938 -0.0660628 0.996858 2.75124
0.988045 -0.154154 0.00200647 4.8516 0.152558 0.979525 0.131364 7.32649 -0.0222156 -0.129487 0.991332 2.80301
0.932176 -0.361412 -0.0207263 4.89637 0.358594 0.914031 0.189624 7.37783 -0.049588 -0.184196 0.981638 2.83324
0.897733 -0.438446 -0.0429071 4.91556 0.430075 0.851136 0.301003 7.43204 -0.0954538 -0.288673 0.952658 2.83249
0.848239 -0.524132 -0.0760055 4.95329 0.513792 0.779564 0.358186 7.50758 -0.128485 -0.342878 0.930551 2.84404
0.788527 -0.606422 -0.10236 4.96584 0.591833 0.702985 0.394392 7.55468 -0.167211 -0.371569 0.913223 2.85587
0.701151 -0.692582 -0.169459 4.95475 0.678278 0.574607 0.458003 7.61072 -0.219832 -0.43607 0.87265 2.84339
0.607727 -0.768006 -0.202075 4.93345 0.734191 0.446362 0.51159 7.6655 -0.302706 -0.459269 0.835129 2.82654
0.506848 -0.812924 -0.286808 4.90839 0.782825 0.294738 0.54801 7.70353 -0.360957 -0.502278 0.785765 2.8191
0.409327 -0.842361 -0.35054 4.88006 0.809359 0.157882 0.565696 7.7197 -0.421177 -0.515268 0.746398 2.80632
0.319054 -0.845909 -0.427368 4.84423 0.809285 0.00849879 0.587354 7.72604 -0.493216 -0.53326 0.687293 2.78446
0.240229 -0.821342 -0.517385 4.81019 0.799403 -0.134971 0.585439 7.7354 -0.550677 -0.554238 0.624159 2.7534
0.0808116 -0.775794 -0.62579 4.74562 0.758505 -0.359453 0.543565 7.74498 -0.646637 -0.518591 0.559396 2.72342
-0.0609148 -0.737286 -0.672829 4.71149 0.716508 -0.5016 0.484783 7.77131 -0.694915 -0.452557 0.558826 2.71291
-0.144048 -0.656225 -0.740688 4.68323 0.640863 -0.63219 0.435466 7.77415 -0.754019 -0.411952 0.511616 2.6848
-0.254826 -0.541856 -0.800909 4.63923 0.553547 -0.760861 0.338639 7.78023 -0.792874 -0.357047 0.49383 2.67152
-0.309872 -0.462116 -0.83092 4.60157 0.439682 -0.844523 0.305712 7.78607 -0.843006 -0.270609 0.464878 2.65726
-0.372135 -0.375831 -0.848686 4.55222 0.355278 -0.902398 0.243833 7.80424 -0.857493 -0.21078 0.469338 2.62225
-0.401656 -0.305722 -0.863253 4.45306 0.325316 -0.928784 0.177566 7.82122 -0.856062 -0.20951 0.472508 2.55312
-0.403837 -0.374427 -0.834698 4.36776 0.369986 -0.901304 0.225302 7.87701 -0.836676 -0.217841 0.502513 2.5117
-0.386493 -0.406738 -0.82776 4.28734 0.431201 -0.873061 0.227663 7.93454 -0.815284 -0.268941 0.512818 2.46311
-0.342815 -0.516546 -0.784639 4.22128 0.529122 -0.796331 0.293065 8.00895 -0.776214 -0.314702 0.54631 2.42984
-0.275185 -0.586428 -0.761824 4.19079 0.624244 -0.711643 0.322311 8.07973 -0.731159 -0.386868 0.561907 2.41849
-0.160656 -0.680016 -0.715379 4.18854 0.710823 -0.582569 0.394138 8.14534 -0.684778 -0.445187 0.576964 2.40517
-0.0516231 -0.748235 -0.661422 4.17149 0.762887 -0.456951 0.457384 8.2381 -0.644468 -0.480979 0.594408 2.38023
0.0055632 -0.803174 -0.595719 4.17257 0.804021 -0.350618 0.480227 8.30563 -0.594575 -0.481642 0.643818 2.39125
0.152693 -0.832093 -0.533204 4.17991 0.838486 -0.176497 0.515549 8.38387 -0.523094 -0.525805 0.670748 2.40015
0.263948 -0.852841 -0.450548 4.21909 0.840012 -0.0263183 0.541929 8.45952 -0.474037 -0.521507 0.70945 2.40298
0.343293 -0.852389 -0.394439 4.23928 0.847022 0.0995041 0.522161 8.52143 -0.405836 -0.513353 0.756152 2.43393
0.48028 -0.824879 -0.298172 4.28899 0.809634 0.286168 0.512445 8.60056 -0.337378 -0.487527 0.805291 2.47667
0.634203 -0.743766 -0.211184 4.35944 0.73439 0.494074 0.465363 8.67199 -0.241781 -0.450226 0.859557 2.50197
0.705622 -0.689105 -0.165025 4.4342 0.678309 0.589541 0.438563 8.70868 -0.204927 -0.421397 0.883419 2.54241
0.816075 -0.566186 -0.115995 4.49841 0.565277 0.740151 0.364196 8.74711 -0.120349 -0.36278 0.924071 2.59872
0.878205 -0.477529 -0.0268858 4.58113 0.459291 0.826311 0.325979 8.7837 -0.133448 -0.298624 0.944995 2.62371
0.928562 -0.370954 -0.012834 4.65004 0.362005 0.897438 0.252108 8.80375 -0.082003 -0.238744 0.967614 2.67588
0.961638 -0.274068 0.0118112 4.71318 0.268499 0.949174 0.164248 8.79363 -0.056226 -0.154776 0.986348 2.71822
0.957549 -0.288222 -0.00528747 4.85183 0.285262 0.944756 0.161438 8.83829 -0.0415346 -0.156093 0.986869 2.80137
0.927068 -0.374889 0.00203451 4.87381 0.364924 0.903642 0.224194 8.8768 -0.0858862 -0.2071 0.974542 2.8069
0.867045 -0.497598 -0.0250894 4.91033 0.481122 0.823127 0.301634 8.94382 -0.129441 -0.273601 0.953094 2.81131
0.775924 -0.620332 -0.114586 4.90202 0.605899 0.682308 0.409076 9.01964 -0.17558 -0.38684 0.905277 2.80971
0.697519 -0.700036 -0.153024 4.90006 0.679173 0.577786 0.452644 9.05422 -0.228452 -0.419658 0.878463 2.81388
0.622429 -0.749375 -0.225875 4.88303 0.734137 0.458936 0.500421 9.09078 -0.27134 -0.4773 0.835799 2.80587
0.534743 -0.796621 -0.281861 4.86425 0.763267 0.31222 0.565635 9.12559 -0.362594 -0.517604 0.774992 2.785
0.408372 -0.827871 -0.384529 4.83178 0.797768 0.118963 0.591113 9.15555 -0.44362 -0.548159 0.709029 2.75165
0.229411 -0.827953 -0.511726 4.77356 0.803533 -0.135591 0.579612 9.18733 -0.549277 -0.544158 0.634182 2.73531
0.0980269 -0.813687 -0.572979 4.75902 0.788854 -0.287475 0.543202 9.20754 -0.606713 -0.505245 0.6137 2.72518
-0.00304871 -0.761785 -0.647822 4.7369 0.734036 -0.441647 0.515886 9.21753 -0.679103 -0.473952 0.560524 2.69557
-0.0638168 -0.697475 -0.713762 4.7054 0.692024 -0.546256 0.471918 9.21527 -0.719048 -0.463824 0.51753 2.67841
-0.10276 -0.731206 -0.674373 4.6438 0.70268 -0.533219 0.471083 9.33151 -0.704047 -0.42546 0.568597 2.66732
-0.028141 -0.750942 -0.659768 4.59937 0.758982 -0.445573 0.474775 9.43544 -0.650503 -0.487392 0.58249 2.64107
0.0261697 -0.782575 -0.622006 4.58178 0.79369 -0.362023 0.488872 9.55676 -0.607759 -0.506474 0.611648 2.61302
0.0743498 -0.826597 -0.557862 4.55484 0.817274 -0.270046 0.509057 9.70554 -0.571433 -0.493774 0.655478 2.59714
0.0991535 -0.834549 -0.541937 4.47025 0.831702 -0.229493 0.505574 9.98057 -0.546297 -0.50086 0.671341 2.56219
0.207465 -0.851503 -0.481561 4.46514 0.825204 -0.112034 0.553612 10.1588 -0.525354 -0.512242 0.679421 2.55405
0.26825 -0.858201 -0.437645 4.43798 0.846988 -0.00633448 0.531574 10.4117 -0.458969 -0.513275 0.725187 2.57231
0.374909 -0.856666 -0.354354 4.47011 0.830734 0.140784 0.538573 10.5082 -0.41149 -0.49629 0.764442 2.58306
0.4528 -0.84135 -0.295131 4.51462 0.821829 0.26546 0.504111 10.6001 -0.345788 -0.470808 0.811646 2.6244
0.555577 -0.797626 -0.234793 4.58727 0.77545 0.395166 0.492465 10.6808 -0.30002 -0.455672 0.838064 2.65172
0.629864 -0.744402 -0.221669 4.64211 0.743375 0.495056 0.449792 10.7905 -0.225088 -0.448091 0.865188 2.68309
0.702784 -0.692566 -0.162626 4.70267 0.684602 0.596243 0.419302 10.85 -0.19343 -0.406013 0.893162 2.71135
0.777628 -0.618715 -0.111739 4.77698 0.609229 0.697606 0.377075 10.9131 -0.155352 -0.361299 0.919418 2.76045
0.82166 -0.562349 -0.0929482 4.88654 0.56031 0.767001 0.312669 11.0082 -0.104538 -0.308987 0.945304 2.80291
0.832813 -0.544533 -0.0995283 4.99953 0.544734 0.774221 0.322251 11.1187 -0.0984194 -0.322591 0.941408 2.88579
0.803369 -0.577174 -0.146518 4.98412 0.592411 0.749704 0.294947 11.1013 -0.0603907 -0.32375 0.944213 2.88361
0.725808 -0.666883 -0.168733 4.98967 0.674786 0.642561 0.363014 11.1624 -0.133666 -0.377337 0.916379 2.86292
0.636811 -0.741419 -0.211592 4.98186 0.73874 0.508147 0.442775 11.1953 -0.220762 -0.438275 0.871309 2.84807
0.588738 -0.780499 -0.210259 4.96482 0.735703 0.409643 0.539383 11.2218 -0.334857 -0.472244 0.815388 2.83409
0.49533 -0.827118 -0.265562 4.9422 0.781407 0.290663 0.552193 11.2291 -0.37954 -0.48103 0.790291 2.82947
0.42211 -0.842552 -0.334557 4.91749 0.807367 0.181555 0.561423 11.218 -0.412288 -0.507093 0.756885 2.82236
0.324361 -0.8433 -0.428526 4.8857 0.824852 0.0303973 0.564531 11.2356 -0.463043 -0.536583 0.705458 2.80968
0.218997 -0.842117 -0.492828 4.87263 0.822319 -0.112578 0.557779 11.2167 -0.525197 -0.527414 0.667834 2.7902
0.137072 -0.823866 -0.54996 4.85887 0.802947 -0.232714 0.548744 11.2035 -0.580075 -0.516806 0.629622 2.7805
0.0366115 -0.789742 -0.612345 4.86385 0.769203 -0.368903 0.521764 11.205 -0.637955 -0.49012 0.593966 2.77475
-0.0887745 -0.755367 -0.649261 4.83729 0.705983 -0.50754 0.493955 11.2071 -0.702643 -0.414516 0.578332 2.76414
-0.163699 -0.700902 -0.694218 4.81229 0.647672 -0.607168 0.460291 11.1839 -0.744126 -0.374277 0.553348 2.75944
-0.206325 -0.614146 -0.761745 4.77576 0.573168 -0.706809 0.414608 11.1827 -0.793038 -0.351063 0.497841 2.7228
-0.275287 -0.510547 -0.814591 4.72251 0.505841 -0.797475 0.328873 11.1887 -0.817521 -0.321519 0.477791 2.69619
-0.320173 -0.415677 -0.851294 4.6581 0.419225 -0.867992 0.266159 11.2048 -0.849552 -0.271667 0.45217 2.66146
-0.358955 -0.286986 -0.888139 4.56518 0.351791 -0.922978 0.156061 11.2289 -0.86452 -0.25642 0.432267 2.61115
-0.391927 -0.178931 -0.902428 4.49873 0.213731 -0.971776 0.0998569 11.2453 -0.894825 -0.15374 0.419108 2.57614
-0.417301 -0.0796875 -0.905268 4.47452 0.0937219 -0.99461 0.0443491 11.2323 -0.903923 -0.0663366 0.42252 2.56676
-0.455016 0.040744 -0.889551 4.43449 -0.0466782 -0.998671 -0.0218655 11.1921 -0.889259 0.0315734 0.456313 2.55066
-0.450911 0.204701 -0.868779 4.40804 -0.168821 -0.975337 -0.142187 11.1223 -0.876458 0.0825545 0.474348 2.55128
-0.437467 0.3117 -0.843484 4.36294 -0.262686 -0.941385 -0.211638 11.0607 -0.860011 0.128987 0.493704 2.53086
-0.377505 0.408547 -0.831011 4.30932 -0.386128 -0.885121 -0.259743 10.9691 -0.841662 0.222822 0.491889 2.4796
-0.304363 0.518855 -0.798845 4.27931 -0.505823 -0.79866 -0.326014 10.904 -0.80716 0.304848 0.505531 2.46027
-0.178615 0.6422 -0.745437 4.27585 -0.646694 -0.647613 -0.402969 10.8453 -0.741541 0.410093 0.530981 2.44722
-0.0514929 0.77038 -0.635502 4.28748 -0.726101 -0.465775 -0.505797 10.7937 -0.685657 0.435394 0.583358 2.44091
0.0522594 0.820577 -0.569142 4.28329 -0.784711 -0.318753 -0.531625 10.7347 -0.617655 0.474394 0.627258 2.4411
0.132294 0.852415 -0.505852 4.25244 -0.827795 -0.185695 -0.529408 10.6308 -0.545209 0.488779 0.681059 2.4373
0.212592 0.873443 -0.438067 4.24243 -0.852906 -0.0528957 -0.519378 10.5397 -0.476819 0.484045 0.733719 2.43517
0.317909 0.870624 -0.37543 4.2918 -0.85355 0.0904134 -0.513106 10.4626 -0.412778 0.48357 0.771864 2.47928
0.386549 0.856421 -0.342233 4.34874 -0.847808 0.183898 -0.497396 10.3194 -0.363044 0.482416 0.797166 2.51392
0.386928 0.848317 -0.361447 4.38512 -0.844367 0.168423 -0.508604 10.1917 -0.370582 0.501988 0.781458 2.52238
0.303679 0.865847 -0.397602 4.39185 -0.864315 0.074748 -0.497366 10.036 -0.400923 0.494693 0.771064 2.53124
0.292475 0.87149 -0.393654 4.41088 -0.856304 0.0554349 -0.513488 9.82828 -0.425678 0.48727 0.762474 2.5274
0.317358 0.870908 -0.375236 4.44334 -0.845038 0.0801529 -0.528664 9.50624 -0.430342 0.484865 0.761388 2.54256
0.267611 0.869024 -0.416151 4.45163 -0.845661 0.00484347 -0.533699 9.15989 -0.461782 0.494746 0.736196 2.53854
0.173814 0.872556 -0.456547 4.43215 -0.835662 -0.114591 -0.537157 9.05416 -0.521016 0.474885 0.709244 2.53503
0.139846 0.843125 -0.519214 4.39531 -0.823963 -0.191706 -0.53323 8.88223 -0.549116 0.502383 0.667895 2.50739
0.102344 0.847043 -0.521578 4.31155 -0.825049 -0.220636 -0.520205 8.54096 -0.555715 0.483567 0.676272 2.47385
0.115746 0.849879 -0.514109 4.27965 -0.824973 -0.206009 -0.526289 8.23951 -0.553193 0.485042 0.677283 2.44591
0.0235284 0.841581 -0.539618 4.23976 -0.795731 -0.310989 -0.51971 8.08863 -0.605193 0.441619 0.662355 2.43667
-0.00824388 0.802681 -0.596351 4.20343 -0.742261 -0.40453 -0.534232 8.00978 -0.67006 0.438244 0.599134 2.38713
-0.0470357 0.764559 -0.642836 4.10702 -0.755214 -0.448429 -0.478082 7.85987 -0.653788 0.462992 0.598498 2.34598
-0.150344 0.730249 -0.666433 4.00598 -0.686665 -0.562099 -0.461016 7.68106 -0.711258 0.388305 0.585945 2.28317
-0.247415 0.605399 -0.756491 3.87839 -0.599684 -0.708931 -0.371208 7.5716 -0.761029 0.361813 0.538448 2.22846
-0.319463 0.506959 -0.800585 3.79561 -0.495878 -0.80938 -0.314655 7.52316 -0.807495 0.296472 0.509957 2.18778
-0.369374 0.409544 -0.834168 3.71394 -0.387406 -0.883789 -0.26236 7.49083 -0.844677 0.226253 0.485108 2.11461
-0.386922 0.334054 -0.859476 3.54337 -0.33209 -0.92001 -0.20808 7.45885 -0.860237 0.204912 0.466909 2.01128
-0.409444 0.287687 -0.86579 3.29172 -0.287733 -0.94127 -0.176695 7.36418 -0.865774 0.176769 0.468174 1.86411
-0.406576 0.178619 -0.895986 3.19176 -0.169328 -0.978444 -0.11822 7.3654 -0.897788 0.10365 0.428057 1.8045
-0.446045 0.129834 -0.885544 3.00751 -0.105644 -0.990143 -0.0919574 7.31449 -0.888754 0.0525349 0.455364 1.70323
-0.472698 0.0511824 -0.879737 2.77222 -0.0529462 -0.998158 -0.0296232 7.29793 -0.879633 0.0325759 0.474537 1.5786
-0.467816 -0.00748159 -0.883794 2.54276 0.00106854 -0.999968 0.00789944 7.3668 -0.883825 0.00275112 0.467809 1.43785
-0.46379 -0.00291074 -0.885941 2.25345 -0.00452001 -0.999974 0.00565162 7.33539 -0.885934 0.00662562 0.463764 1.26557
-0.459655 -0.0102458 -0.888038 1.9663 0.00815744 -0.99994 0.00731447 7.32342 -0.88806 -0.00388199 0.459711 1.08992
-0.459435 0.0129688 -0.888117 1.66724 -0.0132438 -0.999882 -0.0077497 7.31963 -0.888113 0.00820155 0.459553 0.916688
-0.466933 0.00540031 -0.884276 1.3198 -0.00607529 -0.999977 -0.0028989 7.27222 -0.884272 0.00401864 0.466955 0.716856
-0.451941 0.00996549 -0.891992 1.03415 0.00842528 -0.999845 -0.0154392 7.26217 -0.892008 -0.0144929 0.451787 0.552292
-0.463618 0.0183568 -0.885845 0.776778 -0.00522344 -0.999825 -0.017985 7.26011 -0.88602 -0.00371102 0.463633 0.408771
-0.46024 -0.0547487 -0.886105 0.605856 0.0704056 -0.997204 0.0250446 7.27015 -0.884998 -0.0508603 0.462808 0.326876
-0.436718 -0.157056 -0.885782 0.531278 0.162334 -0.982237 0.0941226 7.30497 -0.88483 -0.102688 0.454456 0.263388
-0.442224 -0.222931 -0.868758 0.331728 0.222007 -0.965683 0.134795 7.39068 -0.868994 -0.133261 0.47654 0.150062
-0.386479 -0.354268 -0.851544 0.272608 0.357725 -0.908587 0.215644 7.44982 -0.850098 -0.221277 0.477881 0.105565
-0.359475 -0.438929 -0.82348 0.223989 0.452725 -0.853689 0.257402 7.52142 -0.815977 -0.280281 0.505594 0.0685423
-0.333611 -0.565062 -0.754592 0.208907 0.52312 -0.776865 0.350465 7.61223 -0.784251 -0.277823 0.554766 0.0751528
-0.254353 -0.609057 -0.751235 0.185862 0.606526 -0.705493 0.366614 7.67368 -0.75328 -0.362394 0.548853 0.0551073
-0.132352 -0.718382 -0.682943 0.20016 0.728395 -0.537786 0.424532 7.73583 -0.672253 -0.441264 0.594442 0.0478977
-0.0756098 -0.777745 -0.624016 0.18909 0.762634 -0.448275 0.466303 7.81425 -0.642396 -0.440639 0.627029 0.0424432
0.00633792 -0.807039 -0.590465 0.139964 0.807206 -0.344398 0.479383 7.89024 -0.590236 -0.479665 0.649264 0.0234872
0.1026 -0.830509 -0.547474 0.165553 0.819132 -0.241715 0.520188 7.91683 -0.564354 -0.501825 0.655497 0.0337527
0.257457 -0.850451 -0.458747 0.214784 0.831645 -0.046717 0.55334 7.96813 -0.49202 -0.523975 0.695246 0.0385753
0.338429 -0.855237 -0.392475 0.228468 0.840956 0.0877479 0.533942 8.0285 -0.422208 -0.510755 0.748913 0.0637955
0.410706 -0.862444 -0.295823 0.261355 0.827653 0.216534 0.517788 8.05491 -0.382507 -0.457497 0.802735 0.102992
0.530262 -0.809543 -0.251919 0.305749 0.795866 0.37285 0.477053 8.1221 -0.292267 -0.453457 0.841996 0.131372
0.669385 -0.723651 -0.168085 0.35788 0.708492 0.553743 0.437501 8.13803 -0.223522 -0.411944 0.883369 0.160478
0.756609 -0.637895 -0.143641 0.431747 0.633019 0.659561 0.405299 8.15597 -0.163798 -0.397581 0.902829 0.206199
0.808493 -0.582294 -0.0852835 0.501211 0.571754 0.742857 0.348225 8.19481 -0.139416 -0.330299 0.933523 0.239037
0.903222 -0.42839 -0.0259138 0.566116 0.417777 0.863812 0.281586 8.22063 -0.098244 -0.265161 0.959186 0.250645
0.928176 -0.37198 -0.0109389 0.62374 0.368589 0.914869 0.164793 8.2144 -0.0512921 -0.156989 0.986268 0.300207
0.958546 -0.28258 -0.0365737 0.708673 0.284337 0.940281 0.187146 8.25012 -0.0184941 -0.189787 0.981651 0.360377
0.971648 -0.234976 -0.0261911 0.903704 0.236097 0.958411 0.160332 8.30378 -0.0125724 -0.16197 0.986716 0.469717
0.98363 -0.179858 0.0110773 1.09277 0.177891 0.979005 0.0995194 8.32984 -0.0287441 -0.0959197 0.994974 0.564457
0.992335 -0.116149 0.0421962 1.22905 0.112619 0.990561 0.0781343 8.36992 -0.0508731 -0.0727833 0.996049 0.64949
0.999215 -0.0231485 0.0321397 1.42162 0.0220004 0.999123 0.0356271 8.37928 -0.0329362 -0.0348921 0.998848 0.757742
0.998659 0.0173658 0.0487796 1.79294 -0.0176991 0.999823 0.00640883 8.37249 -0.0486596 -0.00726359 0.998789 0.95549
0.998051 -0.048848 0.0388293 2.07733 0.046526 0.997196 0.0586102 8.37336 -0.0415835 -0.0566894 0.997526 1.12037
0.997234 -0.0635858 0.0384807 2.36204 0.0609848 0.995997 0.0653587 8.4144 -0.0424826 -0.0628312 0.99712 1.27372
0.993249 -0.11023 0.0361395 2.51662 0.10794 0.992336 0.0601461 8.46249 -0.0424924 -0.0558391 0.997535 1.34761
0.988082 -0.145398 -0.0505258 2.54432 0.148595 0.98665 0.0666368 8.45582 0.0401624 -0.0733506 0.996497 1.35635
0.996559 -0.0486909 -0.0670772 2.58474 0.0498248 0.99864 0.0153353 8.43785 0.0662393 -0.0186247 0.99763 1.38623
0.994278 0.0759143 -0.0751563 2.69565 -0.0763354 0.997078 -0.00274143 8.42959 0.0747286 0.00846282 0.997168 1.47433
0.989953 0.141378 0.00243496 2.83507 -0.14112 0.988936 -0.0457219 8.3852 -0.00887206 0.0449189 0.998951 1.53575
0.985378 0.17038 -0.000552999 2.96224 -0.169682 0.981034 -0.0937064 8.36373 -0.0154232 0.09243 0.9956 1.62472
0.999261 0.0311559 0.0225291 3.05205 -0.0311636 0.999514 -1.1333e-05 8.35512 -0.0225185 -0.000690762 0.999746 1.66975
0.995518 -0.0877525 0.0352703 3.06204 0.085589 0.994596 0.058773 8.39087 -0.0402372 -0.0554908 0.997648 1.65666
0.984902 -0.167745 0.0427777 2.97496 0.163222 0.98216 0.0933825 8.38982 -0.057679 -0.0849904 0.994711 1.63143
0.987217 -0.150074 0.0536654 2.87804 0.145162 0.985662 0.0860118 8.37049 -0.0658041 -0.0771222 0.994848 1.55961
0.976101 -0.204786 0.0727306 2.86547 0.188265 0.964015 0.187698 8.35817 -0.108551 -0.16952 0.97953 1.54804
0.94835 -0.314755 0.0395217 2.96286 0.299696 0.929803 0.213655 8.36862 -0.103996 -0.190775 0.97611 1.61103
0.911715 -0.41041 -0.0184063 3.02994 0.397248 0.869282 0.294181 8.41328 -0.104735 -0.275521 0.955573 1.65507
0.868678 -0.489898 -0.0734663 3.09717 0.479103 0.793152 0.375992 8.47925 -0.125928 -0.361814 0.923706 1.69223
0.782256 -0.61518 -0.0981218 3.16229 0.592876 0.686838 0.420419 8.56449 -0.19124 -0.387049 0.902009 1.70717
0.673626 -0.722054 -0.157687 3.19218 0.694033 0.544668 0.470802 8.64482 -0.254058 -0.426585 0.868032 1.7043
0.588328 -0.784355 -0.196617 3.20115 0.745489 0.431926 0.507628 8.70403 -0.313236 -0.445227 0.838842 1.71861
0.527097 -0.801582 -0.282196 3.19341 0.780626 0.325478 0.533561 8.73899 -0.335845 -0.501528 0.797294 1.7217
0.372963 -0.84875 -0.374862 3.19423 0.820555 0.113127 0.56026 8.80374 -0.433114 -0.516551 0.738639 1.71649
0.249524 -0.857516 -0.449894 3.18177 0.820816 -0.0592161 0.568115 8.83432 -0.513808 -0.511039 0.689087 1.70693
0.128661 -0.837193 -0.531559 3.16443 0.807599 -0.222621 0.546098 8.86074 -0.575525 -0.499548 0.647474 1.70666
0.000451726 -0.783292 -0.621654 3.12789 0.750589 -0.410504 0.517787 8.89017 -0.66077 -0.46684 0.587745 1.70514
-0.078863 -0.686509 -0.722832 3.0712 0.666476 -0.575529 0.473894 8.8991 -0.741343 -0.444378 0.50293 1.66076
-0.205283 -0.590949 -0.780153 3.03925 0.586462 -0.712442 0.385342 8.90172 -0.783531 -0.378426 0.492821 1.6478
-0.309414 -0.455757 -0.834595 2.97972 0.467889 -0.837039 0.283629 8.88346 -0.827854 -0.302739 0.472236 1.61903
-0.356684 -0.329186 -0.874307 2.95504 0.335496 -0.918569 0.208982 8.86738 -0.871905 -0.218786 0.43808 1.5997
-0.402269 -0.215416 -0.889818 2.93848 0.205613 -0.968353 0.141475 8.84229 -0.892134 -0.126047 0.433831 1.57
-0.431197 -0.11456 -0.894955 2.94607 0.129577 -0.989487 0.0642296 8.81833 -0.892905 -0.0882699 0.441508 1.57108
-0.444044 -0.0332082 -0.895389 2.92816 -0.00191752 -0.999275 0.0380121 8.78976 -0.896003 0.018596 0.443659 1.57371
-0.441069 0.091322 -0.892815 2.90276 -0.123966 -0.991473 -0.0401715 8.74768 -0.88887 0.0929603 0.448629 1.56939
-0.442343 0.191586 -0.876143 2.79144 -0.211566 -0.971636 -0.105653 8.73141 -0.871535 0.138627 0.47033 1.51023
-0.420302 0.294694 -0.858197 2.57505 -0.260905 -0.9451 -0.196758 8.61997 -0.869065 0.14121 0.474115 1.3786
-0.451588 0.234602 -0.860831 2.3126 -0.196025 -0.967326 -0.160791 8.53377 -0.870427 0.0961334 0.482821 1.24098
-0.463304 0.206771 -0.861739 2.0943 -0.171423 -0.974944 -0.14177 8.4328 -0.869461 0.0820394 0.487141 1.09842
-0.454967 0.201051 -0.867516 1.84803 -0.187965 -0.973913 -0.127131 8.37672 -0.870445 0.105222 0.480889 0.965615
-0.471551 0.148916 -0.869174 1.64304 -0.119517 -0.987336 -0.104319 8.32214 -0.873702 0.0546895 0.483377 0.859391
-0.46154 0.137559 -0.87639 1.45593 -0.129599 -0.987761 -0.0867886 8.27809 -0.877602 0.0735227 0.473718 0.750408
-0.491231 0.138716 -0.859913 1.28248 -0.133904 -0.987528 -0.0828089 8.28836 -0.860675 0.0744676 0.503679 0.664973
-0.503173 0.0587319 -0.862188 1.11293 -0.0450095 -0.998115 -0.0417237 8.25251 -0.863013 0.0178124 0.504868 0.564058
-0.483107 -0.0305323 -0.875029 0.922687 0.0478429 -0.998819 0.00843751 8.23406 -0.874253 -0.0377876 0.483997 0.460552
-0.475987 -0.107826 -0.872817 0.708164 0.116796 -0.991415 0.0587835 8.26148 -0.871662 -0.0739611 0.484494 0.347093
-0.458473 -0.263929 -0.848613 0.565267 0.249399 -0.954722 0.162189 8.32703 -0.852996 -0.137283 0.503538 0.274421
-0.431933 -0.352009 -0.830375 0.479075 0.353275 -0.913154 0.203339 8.39961 -0.829838 -0.205522 0.518777 0.235891
-0.41553 -0.435214 -0.798701 0.368583 0.423415 -0.86971 0.253622 8.50307 -0.805018 -0.232795 0.545667 0.15316
-0.329025 -0.505208 -0.797814 0.232698 0.486481 -0.814801 0.315336 8.6216 -0.809369 -0.284367 0.513864 0.071357
-0.324182 -0.593259 -0.736851 0.187414 0.556464 -0.749494 0.358619 8.6979 -0.765019 -0.293773 0.573099 0.0863862
-0.239209 -0.656343 -0.715537 0.159275 0.626906 -0.667145 0.402376 8.77982 -0.741463 -0.352322 0.571053 0.0648201
-0.144003 -0.716142 -0.682937 0.117692 0.701977 -0.560354 0.439582 8.88281 -0.69749 -0.416105 0.583408 0.0235617
-0.058501 -0.78204 -0.620476 0.0779325 0.766661 -0.433278 0.473815 9.00107 -0.639381 -0.447976 0.624907 -0.00215267
0.0187696 -0.827155 -0.56166 0.0646484 0.805135 -0.320562 0.498997 9.08748 -0.592794 -0.461578 0.659955 -0.013277
0.138868 -0.850552 -0.507225 0.050566 0.830374 -0.179085 0.527644 9.24265 -0.539625 -0.494459 0.681407 -0.0268137
0.212621 -0.871223 -0.442451 0.0802807 0.843292 -0.0651306 0.533494 9.3668 -0.493609 -0.486548 0.720847 -0.0112217
0.309733 -0.867901 -0.388347 0.10681 0.841841 0.0604485 0.53633 9.45947 -0.442006 -0.493046 0.749357 0.0129729
0.388366 -0.863827 -0.320896 0.155277 0.83139 0.178265 0.526319 9.69692 -0.397444 -0.471194 0.78741 0.0153928
0.483734 -0.827942 -0.283749 0.179399 0.798268 0.284448 0.530902 9.87213 -0.358844 -0.483323 0.798517 0.00385077
0.527564 -0.812743 -0.247235 0.194572 0.782757 0.351976 0.51323 10.0135 -0.330103 -0.464286 0.82187 0.026884
0.615839 -0.765814 -0.185126 0.269943 0.724619 0.458295 0.514678 10.134 -0.309305 -0.451104 0.837159 0.061558
0.663174 -0.730302 -0.163887 0.353103 0.705694 0.537145 0.462028 10.2749 -0.249389 -0.422059 0.871591 0.112436
0.724681 -0.683135 -0.0903524 0.472718 0.638463 0.616322 0.46099 10.3469 -0.259232 -0.391757 0.882794 0.200637
0.816229 -0.575033 -0.0557464 0.610344 0.547553 0.73921 0.392116 10.4411 -0.184271 -0.35058 0.918225 0.289951
0.863593 -0.503239 -0.0309409 0.67487 0.482034 0.806096 0.343296 10.4941 -0.147819 -0.311383 0.938717 0.334215
0.8938 -0.448465 -0.00129363 0.759723 0.429889 0.855949 0.28731 10.577 -0.127741 -0.257354 0.957837 0.391134
0.944747 -0.3276 0.0114527 0.881932 0.318039 0.924518 0.210044 10.6313 -0.0793988 -0.194796 0.977625 0.467195
0.96637 -0.245137 0.0776952 0.996217 0.22922 0.958087 0.171837 10.64 -0.116562 -0.148249 0.982057 0.511461
0.991055 -0.104714 0.0827294 1.21581 0.0979779 0.991831 0.0816769 10.6412 -0.0906063 -0.0728407 0.993219 0.621672
0.997492 0.0213937 0.0674741 1.33977 -0.0231688 0.999403 0.0256367 10.6089 -0.0668853 -0.0271357 0.997392 0.696656
0.999632 0.000530802 0.0271152 1.52559 0.000548893 0.999208 -0.0397958 10.5755 -0.0271149 0.0397961 0.99884 0.81308
0.999901 1.47109e-05 0.0140925 1.68377 0.000455524 0.999443 -0.0333639 10.5723 -0.0140851 0.033367 0.999344 0.918457
0.999704 0.0243269 0.000405358 1.81212 -0.0243064 0.999323 -0.0276357 10.5683 -0.00107737 0.0276177 0.999618 0.950611
0.998827 -0.0461194 -0.0147291 1.77858 0.0461283 0.998935 0.000266213 10.559 0.0147012 -0.000945331 0.999891 0.968584
0.996857 -0.0775219 -0.0163418 1.99407 0.078044 0.996364 0.0341871 10.5919 0.0136321 -0.035355 0.999282 1.05742
0.982349 -0.187058 0.000561717 2.08706 0.18583 0.976237 0.111481 10.6548 -0.0214017 -0.109409 0.993766 1.09579
0.952125 -0.304752 -0.0241789 2.13982 0.305061 0.941982 0.140028 10.6885 -0.0198977 -0.1407 0.989852 1.13642
0.902799 -0.423817 -0.0730325 2.16952 0.428391 0.871264 0.239539 10.7468 -0.0378902 -0.247542 0.968136 1.14781
0.840388 -0.530341 -0.111739 2.16607 0.53483 0.778089 0.329446 10.8272 -0.0877762 -0.336624 0.937539 1.14202
0.766037 -0.628524 -0.134705 2.14437 0.626097 0.682111 0.377793 10.887 -0.145568 -0.373742 0.916039 1.12643
0.679053 -0.711564 -0.180455 2.07903 0.707768 0.569381 0.418173 10.9141 -0.19481 -0.411682 0.890262 1.09317
0.574472 -0.787393 -0.223594 2.0091 0.760565 0.41253 0.501358 10.9481 -0.302527 -0.458074 0.83585 1.05401
0.492764 -0.816081 -0.301986 1.94619 0.786577 0.26933 0.55566 10.9843 -0.37213 -0.511344 0.774627 1.00413
0.363018 -0.833959 -0.415609 1.87873 0.802742 0.0534416 0.593927 11.0064 -0.4731 -0.549233 0.688854 0.968362
0.210478 -0.837444 -0.504368 1.84937 0.813984 -0.135604 0.564838 11.0259 -0.541414 -0.529433 0.653124 0.933896
0.126183 -0.812246 -0.569503 1.85775 0.774072 -0.278414 0.568594 11.0602 -0.620396 -0.512583 0.593606 0.93588
0.0078714 -0.788442 -0.615058 1.84748 0.734309 -0.412952 0.53876 11.0619 -0.67877 -0.455883 0.575709 0.94144
-0.0790405 -0.760324 -0.644717 1.86797 0.68196 -0.512965 0.521341 11.0538 -0.727106 -0.398464 0.559056 0.953663
-0.174847 -0.66926 -0.722163 1.89456 0.625886 -0.641748 0.443199 11.0408 -0.760062 -0.3745 0.531088 0.964194
-0.254808 -0.511255 -0.820787 1.88594 0.535316 -0.781455 0.32057 11.0167 -0.805301 -0.357697 0.472804 0.979921
-0.35114 -0.400969 -0.846123 1.88382 0.39813 -0.881844 0.252673 11.0095 -0.847463 -0.248144 0.469288 0.978534
-0.395284 -0.30844 -0.865226 1.90695 0.282895 -0.937032 0.204795 11.0152 -0.873911 -0.163815 0.45765 0.990407
-0.437066 -0.140322 -0.888416 1.90915 0.161317 -0.983968 0.0760526 11.0031 -0.884845 -0.110077 0.452695 0.98972
-0.442571 -0.0537525 -0.895121 1.86064 0.0724672 -0.997081 0.0240456 10.9739 -0.893801 -0.054225 0.445174 0.942444
-0.506032 -0.00182948 -0.862513 1.79351 -0.0245582 -0.999562 0.0165283 10.9877 -0.862165 0.0295457 0.505765 0.908649
-0.474905 0.00710627 -0.880008 1.6868 0.0122972 -0.999816 -0.01471 10.9453 -0.879951 -0.0178075 0.47473 0.83156
-0.468191 0.0496405 -0.882232 1.62311 -0.060742 -0.997867 -0.0239118 10.9259 -0.881537 0.0423933 0.470207 0.79528
-0.470743 0.111221 -0.875232 1.42903 -0.107426 -0.991867 -0.0682638 10.888 -0.875706 0.061888 0.478863 0.70287
-0.501524 0.128615 -0.85553 1.30005 -0.116354 -0.989931 -0.0806116 10.8857 -0.857284 0.0591154 0.511439 0.672811
-0.507151 0.15066 -0.848587 1.16037 -0.14451 -0.985528 -0.0886075 10.8568 -0.849655 0.0776922 0.521584 0.631979
-0.480934 0.156779 -0.862626 1.08642 -0.138843 -0.985086 -0.101627 10.7925 -0.865694 0.0708937 0.495529 0.571825
-0.463584 0.229166 -0.855905 0.993448 -0.214465 -0.966273 -0.142555 10.7296 -0.859706 0.117476 0.497096 0.491655
-0.437716 0.353314 -0.826785 0.906069 -0.332205 -0.918039 -0.216434 10.6587 -0.835491 0.179925 0.519213 0.456706
-0.388905 0.457208 -0.799821 0.760471 -0.418557 -0.86108 -0.288707 10.5626 -0.820709 0.222491 0.526246 0.391477
-0.322856 0.557036 -0.765163 0.7114 -0.508635 -0.783906 -0.356065 10.4999 -0.798157 0.274232 0.536417 0.371071
-0.264736 0.629683 -0.730352 0.632613 -0.578162 -0.709797 -0.40239 10.4008 -0.771779 0.315735 0.551968 0.314093
-0.209888 0.674279 -0.708021 0.420025 -0.642639 -0.640894 -0.419845 10.1737 -0.736859 0.366882 0.567835 0.180257
-0.165685 0.738713 -0.653339 0.312214 -0.691317 -0.559464 -0.457254 9.9832 -0.703299 0.375904 0.603379 0.114861
-0.0284381 0.811333 -0.583892 0.309438 -0.779612 -0.383591 -0.495039 9.86585 -0.625617 0.441131 0.643433 0.0993152
0.0762314 0.852541 -0.517071 0.333301 -0.821185 -0.240456 -0.517528 9.77039 -0.565547 0.464063 0.681764 0.12197
0.156352 0.865425 -0.476019 0.337748 -0.851639 -0.125979 -0.508764 9.68042 -0.500266 0.484942 0.717332 0.12617
0.243179 0.879108 -0.409917 0.374853 -0.850878 -0.00955986 -0.525276 9.57619 -0.465694 0.476526 0.745689 0.148276
0.30723 0.874618 -0.375037 0.452007 -0.842481 0.0667136 -0.534579 9.25361 -0.442532 0.480201 0.757346 0.18599
0.325181 0.888195 -0.324604 0.49735 -0.842088 0.115787 -0.526766 8.96256 -0.430286 0.444639 0.785589 0.252413
0.246249 0.8921 -0.378839 0.473715 -0.835455 -0.00276016 -0.549553 8.87625 -0.491301 0.45183 0.744629 0.241326
0.181332 0.864731 -0.468358 0.444579 -0.845572 -0.106072 -0.523217 8.66748 -0.502122 0.490907 0.711958 0.215606
0.130937 0.867763 -0.47942 0.391969 -0.840699 -0.159109 -0.5176 8.32089 -0.525434 0.470821 0.708694 0.185861
0.135425 0.860242 -0.491573 0.380515 -0.825107 -0.176748 -0.536618 7.90233 -0.548506 0.478272 0.685855 0.13134
0.148621 0.860612 -0.487093 0.284415 -0.825375 -0.163344 -0.540439 7.56237 -0.544672 0.482355 0.686051 0.087189
0.174442 0.859259 -0.480878 0.141195 -0.832715 -0.131902 -0.537762 7.15446 -0.525506 0.494243 0.692508 0.0329276
0.209682 0.871605 -0.443101 0.140476 -0.837244 -0.0740194 -0.541796 6.81949 -0.50503 0.484589 0.714226 0.0385965
0.2937 0.873163 -0.389007 0.183471 -0.833683 0.0348791 -0.551141 6.66381 -0.467668 0.486178 0.738185 0.0601209
0.373223 0.864651 -0.336278 0.211955 -0.836 0.156284 -0.526003 6.54474 -0.402254 0.477445 0.781177 0.0778151
0.480997 0.842701 -0.241861 0.272505 -0.802261 0.311808 -0.50907 6.38547 -0.35358 0.438897 0.826046 0.123583
0.59882 0.778812 -0.186725 0.362206 -0.746548 0.458397 -0.482222 6.27348 -0.289966 0.428164 0.855918 0.172238
0.696165 0.709049 -0.112271 0.437722 -0.676865 0.596204 -0.431734 6.20343 -0.239184 0.37655 0.894987 0.211658
0.697093 0.711728 -0.0866243 0.591939 -0.681574 0.620317 -0.388153 6.04271 -0.222525 0.32962 0.917515 0.305441
0.62019 0.765895 -0.169615 0.670781 -0.748964 0.513828 -0.418371 5.89635 -0.233275 0.386505 0.892299 0.374055
0.572256 0.794933 -0.201505 0.719543 -0.765321 0.429397 -0.479481 5.81435 -0.29463 0.428602 0.854104 0.390141
0.521947 0.824646 -0.218016 0.804341 -0.783606 0.362605 -0.504459 5.49034 -0.336946 0.43414 0.835458 0.443663
0.476284 0.832187 -0.283935 0.814168 -0.807038 0.285538 -0.516873 5.30018 -0.349061 0.475324 0.807604 0.450776
0.39981 0.85827 -0.321752 0.832506 -0.830769 0.191002 -0.522821 5.05339 -0.387266 0.47633 0.789389 0.457267
0.396507 0.854744 -0.334956 0.919479 -0.833757 0.182574 -0.521072 4.71727 -0.384229 0.48588 0.78504 0.530391
0.38114 0.863604 -0.330031 1.04089 -0.830811 0.163344 -0.532045 4.21569 -0.405567 0.476977 0.779749 0.581141
0.356983 0.862366 -0.359009 1.07358 -0.840012 0.128257 -0.527191 3.68381 -0.408587 0.48977 0.770183 0.61617
0.334554 0.871985 -0.357374 1.10602 -0.826962 0.0898028 -0.55504 3.27529 -0.451893 0.481226 0.751142 0.6304
0.251305 0.879057 -0.405098 1.09362 -0.835301 -0.0144789 -0.549603 3.14072 -0.488998 0.476496 0.730638 0.623933
0.200116 0.865285 -0.459604 1.05588 -0.834853 -0.0949306 -0.542226 2.98374 -0.51281 0.49221 0.703388 0.603198
0.162704 0.860332 -0.48307 1.00407 -0.836686 -0.139191 -0.529701 2.68314 -0.522957 0.490362 0.69718 0.588966
0.167046 0.85635 -0.488631 0.944839 -0.847489 -0.128548 -0.515013 2.35564 -0.503843 0.50014 0.704274 0.547954
0.0781955 0.853438 -0.515294 0.899433 -0.824028 -0.235595 -0.515241 2.09403 -0.561128 0.464906 0.684834 0.5191
0.0923568 0.843584 -0.528995 0.810168 -0.813875 -0.242115 -0.528193 1.66834 -0.573653 0.479318 0.664211 0.469416
0.0323559 0.833797 -0.551123 0.747923 -0.775202 -0.327124 -0.540419 1.42374 -0.630885 0.444717 0.635776 0.425428
0.00490652 0.830791 -0.556562 0.690109 -0.776809 -0.347319 -0.525298 1.12348 -0.629718 0.43492 0.643662 0.39434
-0.0356089 0.796351 -0.603785 0.613683 -0.767421 -0.408796 -0.493914 0.97841 -0.640154 0.445769 0.625693 0.342943
-0.0536747 0.791491 -0.608819 0.540515 -0.788167 -0.407936 -0.460848 0.852285 -0.613116 0.455115 0.645723 0.312449
-0.0359716 0.798008 -0.601573 0.431979 -0.786284 -0.394141 -0.475825 0.565938 -0.616817 0.455891 0.641639 0.252124
-0.0816015 0.789093 -0.608829 0.420626 -0.755751 -0.447232 -0.478356 0.376443 -0.649756 0.421088 0.632852 0.23576
-0.136148 0.749851 -0.647446 0.39845 -0.741139 -0.510763 -0.435699 0.261041 -0.657402 0.420528 0.625283 0.221289
-0.0956145 0.75488 -0.648856 0.339189 -0.717608 -0.504018 -0.480629 -0.0031604 -0.689852 0.419669 0.5899 0.169878
-0.195837 0.680005 -0.70657 0.287936 -0.674968 -0.616158 -0.405915 -0.069914 -0.711383 0.397419 0.579649 0.154019
-0.316857 0.584396 -0.74705 0.244348 -0.545115 -0.756759 -0.360784 -0.173349 -0.776178 0.292911 0.558347 0.127223
-0.316071 0.485011 -0.815392 0.223899 -0.457945 -0.830693 -0.316599 -0.199382 -0.830894 0.273337 0.484666 0.0979031
-0.37651 0.419641 -0.825918 0.159477 -0.391556 -0.880062 -0.268654 -0.241154 -0.839598 0.222242 0.495665 0.0790769
-0.390019 0.429297 -0.81461 -0.00101844 -0.419383 -0.870403 -0.257908 -0.225166 -0.819758 0.241044 0.519513 -0.0173439
-0.351767 0.521825 -0.777147 -0.0624472 -0.508063 -0.803716 -0.309696 -0.285181 -0.786213 0.285899 0.547841 -0.0380039
-0.276403 0.611659 -0.741265 -0.0833776 -0.595711 -0.714305 -0.367284 -0.345087 -0.754142 0.340062 0.561808 -0.0564739
-0.179325 0.694617 -0.69667 -0.0836778 -0.681962 -0.598165 -0.420863 -0.41093 -0.709063 0.399632 0.580969 -0.079804
-0.0892229 0.769314 -0.63261 -0.087613 -0.740337 -0.476108 -0.474576 -0.469572 -0.666289 0.426002 0.612031 -0.0698135
0.0367703 0.809355 -0.586168 -0.0783507 -0.795612 -0.33122 -0.507242 -0.506139 -0.604689 0.485014 0.631754 -0.0587725
0.153177 0.846974 -0.509089 -0.0457027 -0.823663 -0.175214 -0.539332 -0.539013 -0.546 0.501931 0.670782 -0.0403966
0.270699 0.878723 -0.39315 0.0146561 -0.819334 -0.00409756 -0.573301 -0.548276 -0.505384 0.477314 0.718859 -0.019282
0.402233 0.88396 -0.238376 0.0708362 -0.794837 0.207945 -0.570082 -0.535285 -0.454361 0.418776 0.786246 -0.00540853
0.490841 0.847592 -0.20165 0.0862845 -0.780354 0.324767 -0.534391 -0.514882 -0.387456 0.41966 0.820831 0.013864
0.601278 0.776521 -0.188361 0.0974922 -0.740171 0.452474 -0.497408 -0.417461 -0.301019 0.438499 0.846821 0.0249031
0.708579 0.693608 -0.129706 0.114141 -0.661176 0.588411 -0.465423 -0.30726 -0.246501 0.415547 0.875533 0.0407395
0.764882 0.641363 -0.060077 0.133589 -0.602662 0.679541 -0.418356 -0.268406 -0.227493 0.3562 0.906294 0.0547657
0.817669 0.575688 -0.00034945 0.161136 -0.534728 0.759266 -0.370919 -0.233441 -0.213268 0.303476 0.928665 0.0590007
0.874952 0.482635 0.039028 0.191588 -0.455704 0.848009 -0.270582 -0.150417 -0.163688 0.218961 0.961906 0.0807686
0.928296 0.370062 0.0363372 0.203046 -0.354801 0.910758 -0.211274 -0.0406393 -0.111279 0.183232 0.976751 0.0966272
0.970128 0.236771 0.0528377 0.217349 -0.226578 0.962153 -0.151407 0.0545534 -0.0866867 0.134913 0.987058 0.10245
0.983557 0.158754 0.0861002 0.251859 -0.154597 0.986554 -0.0530108 0.126637 -0.0933582 0.0388283 0.994875 0.105985
0.994581 0.0109591 0.10339 0.266197 -0.0147189 0.999255 0.0356721 0.20015 -0.102922 -0.0370006 0.994001 0.111242
0.991618 -0.0936425 0.0890191 0.271268 0.0826068 0.989275 0.120466 0.236186 -0.0993451 -0.112102 0.988718 0.113899
0.972514 -0.212719 0.0946988 0.291467 0.203429 0.97408 0.0989198 0.0790646 -0.113286 -0.0769363 0.990579 0.121191
