0.999936 0.000332847 -0.0113021 0.00717665 -0.000328282 1 0.000405785 -0.00497395 0.0113022 -0.000402049 0.999936 -0.00107537
0.999083 0.0281951 -0.0322084 0.0879798 -0.0283855 0.999582 -0.00547039 -0.00145592 0.0320407 0.00637962 0.999466 0.018332
0.998529 0.0480968 0.0250192 0.240586 -0.0490317 0.998066 0.0382054 0.00976604 -0.0231333 -0.0393759 0.998957 0.0971165
0.998941 -0.0250713 0.0385866 0.390052 0.0239843 0.999309 0.0283802 0.0103908 -0.0392715 -0.0274247 0.998852 0.199443
0.995 -0.0998629 -0.0015921 0.46603 0.0992097 0.986403 0.131018 0.0592082 -0.0115134 -0.130521 0.991379 0.285008
0.982586 -0.184995 -0.0173621 0.56003 0.18565 0.973605 0.132769 0.100449 -0.00765794 -0.133681 0.990995 0.335398
0.943912 -0.330187 -0.00256168 0.823457 0.323701 0.923784 0.204551 0.226749 -0.0651736 -0.193907 0.978853 0.484343
0.874275 -0.482592 -0.0524206 0.878917 0.473409 0.823754 0.311952 0.311198 -0.107364 -0.297548 0.948651 0.503591
0.798853 -0.584142 -0.143571 0.907014 0.584368 0.697037 0.415517 0.405735 -0.142647 -0.415835 0.898183 0.535011
0.711849 -0.676241 -0.189652 0.952487 0.673795 0.581364 0.456088 0.507248 -0.198169 -0.452452 0.869492 0.555312
0.63654 -0.739127 -0.220244 1.07349 0.730201 0.485652 0.480571 0.70656 -0.248241 -0.466725 0.848848 0.620199
0.634419 -0.738865 -0.227136 1.19606 0.727476 0.471367 0.498591 1.03087 -0.261327 -0.481552 0.83655 0.68724
0.691566 -0.69867 -0.183292 1.32674 0.687277 0.558411 0.464573 1.29696 -0.222231 -0.447255 0.866358 0.761749
0.735822 -0.664303 -0.131404 1.44107 0.647191 0.632772 0.425139 1.45453 -0.199273 -0.39787 0.895539 0.829908
0.814651 -0.570455 -0.104521 1.53117 0.558885 0.724072 0.404187 1.55195 -0.15489 -0.387687 0.908685 0.892041
0.884649 -0.463788 -0.0479269 1.6191 0.452714 0.829806 0.326301 1.59949 -0.111564 -0.310359 0.94405 0.929774
0.925586 -0.378144 -0.0172786 1.76318 0.372902 0.903007 0.213359 1.64481 -0.0650777 -0.203925 0.976821 1.02719
0.96694 -0.254944 0.00547668 1.88822 0.250289 0.952957 0.170963 1.69879 -0.048805 -0.16394 0.985262 1.0944
0.988293 -0.152387 0.00738027 1.97826 0.150686 0.982546 0.109077 1.69333 -0.0238734 -0.106688 0.994006 1.1373
0.999506 0.0102763 0.0296844 2.07311 -0.0103612 0.999943 0.00270766 1.66112 -0.0296548 -0.00301389 0.999556 1.19832
0.990264 0.137031 0.0244676 2.14368 -0.135004 0.988296 -0.0710333 1.63048 -0.033915 0.0670385 0.997174 1.24199
0.973127 0.229956 0.0119689 2.28587 -0.226789 0.966132 -0.123111 1.57746 -0.0398736 0.117088 0.992321 1.31403
0.936307 0.351051 -0.00959836 2.3763 -0.346768 0.919874 -0.183259 1.51168 -0.0555039 0.174915 0.983018 1.37887
0.898232 0.439173 -0.0175193 2.50525 -0.430365 0.870723 -0.237967 1.4108 -0.0892544 0.221289 0.971115 1.44593
0.834929 0.545794 -0.0707229 2.568 -0.538647 0.78402 -0.308499 1.31143 -0.112929 0.295669 0.948592 1.48917
0.765508 0.636772 -0.0923002 2.6068 -0.617088 0.685956 -0.385573 1.23864 -0.182208 0.352116 0.918049 1.50289
0.724221 0.676916 -0.131486 2.67533 -0.657647 0.620682 -0.426911 1.14249 -0.207372 0.39565 0.894683 1.53635
0.623923 0.761244 -0.176712 2.72882 -0.734211 0.493542 -0.466208 0.984892 -0.267684 0.420622 0.866846 1.58013
0.562208 0.795052 -0.227626 2.75755 -0.7702 0.40313 -0.494245 0.845746 -0.301188 0.453186 0.838992 1.59811
0.447592 0.842829 -0.298833 2.7695 -0.817832 0.250656 -0.517999 0.681971 -0.361681 0.476247 0.801484 1.6125
0.362467 0.864524 -0.34816 2.77578 -0.841954 0.143548 -0.520103 0.550888 -0.399664 0.481655 0.779921 1.60459
0.33275 0.862015 -0.382371 2.81321 -0.847075 0.0950326 -0.522909 0.153941 -0.414417 0.497895 0.761813 1.63385
0.31481 0.866068 -0.388358 2.84589 -0.839778 0.0634648 -0.539208 -0.26761 -0.442344 0.495882 0.747284 1.64751
0.253111 0.871824 -0.419354 2.83874 -0.843272 -0.013631 -0.537314 -0.503849 -0.47416 0.48963 0.731734 1.64247
0.225075 0.885172 -0.407199 2.83067 -0.843622 -0.0320527 -0.53598 -0.822958 -0.487487 0.464158 0.739536 1.63147
0.241221 0.875935 -0.417793 2.80386 -0.845034 -0.0221111 -0.534256 -1.20171 -0.477211 0.481923 0.734861 1.6334
0.201648 0.871218 -0.447568 2.78372 -0.821955 -0.0979863 -0.56106 -1.42218 -0.532662 0.481018 0.696343 1.6158
0.137553 0.845476 -0.515994 2.74725 -0.819462 -0.195487 -0.538764 -1.55846 -0.556383 0.496946 0.665945 1.60466
0.0379599 0.831626 -0.554037 2.70405 -0.79255 -0.312631 -0.52357 -1.6518 -0.608624 0.458977 0.647238 1.57668
-0.0634737 0.765974 -0.63973 2.65665 -0.725161 -0.475803 -0.497747 -1.73569 -0.685647 0.432314 0.585656 1.53109
-0.131495 0.695204 -0.706683 2.56269 -0.702421 -0.568372 -0.428437 -1.86173 -0.699509 0.440052 0.563064 1.4896
-0.214077 0.64322 -0.735145 2.45705 -0.626517 -0.667817 -0.401867 -2.04477 -0.749431 0.374551 0.545953 1.42594
-0.28779 0.593694 -0.751468 2.31366 -0.557727 -0.741773 -0.372441 -2.18205 -0.778535 0.311929 0.544594 1.35578
-0.348517 0.478745 -0.805816 2.19474 -0.436011 -0.843845 -0.312762 -2.24257 -0.829717 0.242341 0.502833 1.2732
-0.398797 0.380833 -0.834223 2.11001 -0.383077 -0.895701 -0.22577 -2.26144 -0.833194 0.229536 0.503091 1.24606
-0.423435 0.238074 -0.874085 2.02367 -0.238839 -0.960053 -0.145788 -2.25828 -0.873876 0.147034 0.463381 1.19453
-0.447492 0.121667 -0.885973 1.95414 -0.11274 -0.990473 -0.0790745 -2.25231 -0.887153 0.064499 0.456945 1.14623
-0.465477 -0.0153792 -0.884926 1.85729 0.000403432 -0.999853 0.0171643 -2.21483 -0.88506 0.00763258 0.465415 1.08176
-0.452085 -0.064953 -0.889607 1.7201 0.0632019 -0.997171 0.0406883 -2.1717 -0.889733 -0.0378303 0.454911 0.998804
-0.452344 0.042043 -0.890852 1.58549 -0.0431324 -0.998751 -0.025234 -2.19085 -0.8908 0.0270101 0.453593 0.903962
-0.430018 0.179405 -0.884815 1.51601 -0.170228 -0.97859 -0.115689 -2.24289 -0.886627 0.100872 0.451351 0.855928
-0.409255 0.292614 -0.864227 1.48908 -0.276749 -0.942369 -0.188017 -2.28286 -0.869437 0.162227 0.46665 0.839344
-0.354927 0.415753 -0.837363 1.47917 -0.37208 -0.884502 -0.281447 -2.32504 -0.857662 0.211673 0.468627 0.823505
-0.286535 0.527706 -0.79964 1.47493 -0.480518 -0.801225 -0.356569 -2.36589 -0.828855 0.282071 0.483151 0.815229
-0.232037 0.627375 -0.743344 1.45179 -0.582228 -0.701762 -0.410536 -2.40806 -0.779211 0.337536 0.52811 0.833142
-0.149852 0.691196 -0.70696 1.44105 -0.670261 -0.596668 -0.441291 -2.44641 -0.726839 0.407719 0.552694 0.827736
-0.0724155 0.749669 -0.657839 1.44218 -0.71677 -0.497759 -0.488341 -2.49604 -0.69354 0.436155 0.573386 0.823974
-0.00112243 0.830945 -0.556353 1.44393 -0.778162 -0.350151 -0.521401 -2.59905 -0.628063 0.432347 0.647003 0.840419
0.0836969 0.848477 -0.522572 1.4395 -0.828277 -0.232329 -0.509882 -2.71529 -0.554032 0.47551 0.683329 0.842503
0.0410424 0.838442 -0.543443 1.4023 -0.808912 -0.291382 -0.510645 -2.8347 -0.586495 0.460556 0.666267 0.819972
0.0554352 0.827385 -0.558892 1.36884 -0.807781 -0.291844 -0.512169 -2.97463 -0.58687 0.479855 0.652167 0.785043
0.135918 0.860817 -0.490428 1.38417 -0.830071 -0.171289 -0.5307 -3.08717 -0.54084 0.479222 0.691258 0.790497
0.231721 0.864857 -0.44534 1.37376 -0.85868 -0.0332841 -0.51143 -3.27962 -0.457137 0.500914 0.734923 0.809841
0.312826 0.891153 -0.328613 1.4067 -0.841867 0.0999594 -0.530348 -3.3413 -0.439773 0.442555 0.781502 0.845885
0.455274 0.847099 -0.274135 1.48693 -0.806815 0.262307 -0.529381 -3.48968 -0.37653 0.462189 0.802873 0.878289
0.566364 0.789541 -0.236342 1.5362 -0.771711 0.407386 -0.488364 -3.57042 -0.2893 0.45898 0.840026 0.903756
0.643407 0.740123 -0.195566 1.57249 -0.72914 0.51467 -0.451076 -3.60507 -0.233199 0.43282 0.870795 0.919596
0.76453 0.636232 -0.103452 1.63844 -0.620746 0.68346 -0.384131 -3.65284 -0.173691 0.357897 0.917465 0.966374
0.828801 0.557689 -0.0455197 1.70592 -0.542506 0.780979 -0.309451 -3.68169 -0.137027 0.281168 0.949825 1.00424
0.901378 0.432996 0.00558848 1.76585 -0.419815 0.876958 -0.233881 -3.68081 -0.10617 0.208469 0.972249 1.02967
0.944815 0.3259 0.0333788 1.82754 -0.314637 0.931076 -0.184667 -3.6699 -0.0912612 0.163974 0.982234 1.06099
0.987859 0.145254 0.0550997 1.89275 -0.140114 0.98623 -0.0878538 -3.66263 -0.0671021 0.0790669 0.994608 1.10116
0.998694 -0.00214233 0.0510531 1.94899 0.000708584 0.999605 0.028085 -3.62889 -0.0510931 -0.0280121 0.998301 1.13143
0.993268 -0.10659 0.0453508 1.98112 0.101424 0.989389 0.104027 -3.59368 -0.0559579 -0.0987266 0.99354 1.16342
0.957594 -0.28523 0.0407108 2.01259 0.273909 0.945056 0.178448 -3.54217 -0.0893726 -0.159729 0.983107 1.18443
0.901265 -0.432847 -0.0191173 2.03652 0.421927 0.866788 0.265813 -3.49103 -0.0984857 -0.247634 0.963835 1.19271
0.861182 -0.50576 -0.0507222 2.06353 0.491802 0.803859 0.334576 -3.41058 -0.128442 -0.313076 0.941003 1.20758
0.800851 -0.595169 -0.0664262 2.16123 0.574038 0.731309 0.36833 -3.30961 -0.170641 -0.333109 0.927319 1.26038
0.725969 -0.673656 -0.138411 2.21697 0.664651 0.635554 0.392824 -3.21418 -0.17666 -0.377173 0.909138 1.30188
0.698492 -0.688724 -0.194339 2.2471 0.692824 0.582835 0.424615 -3.12264 -0.179175 -0.431233 0.88427 1.32203
0.656499 -0.722065 -0.218248 2.34572 0.717377 0.508194 0.476559 -2.91195 -0.233194 -0.469427 0.851621 1.37686
0.562715 -0.785555 -0.257401 2.35728 0.772254 0.388465 0.502711 -2.80302 -0.294916 -0.481662 0.825243 1.37879
0.529126 -0.792754 -0.302601 2.39282 0.789019 0.328449 0.519202 -2.67785 -0.312211 -0.513481 0.799288 1.3994
0.47666 -0.824383 -0.305266 2.42328 0.822057 0.294961 0.487053 -2.52411 -0.311476 -0.483105 0.818286 1.41709
0.475787 -0.826574 -0.300668 2.46804 0.818421 0.290823 0.495589 -2.33307 -0.3222 -0.481868 0.814856 1.43639
0.484757 -0.816973 -0.312355 2.5642 0.800064 0.269877 0.535784 -1.95149 -0.353423 -0.509629 0.784455 1.47065
0.505393 -0.810496 -0.296097 2.63991 0.79447 0.303154 0.526228 -1.68859 -0.336743 -0.501192 0.797127 1.53685
0.575651 -0.777777 -0.252367 2.74118 0.768483 0.40914 0.491974 -1.45269 -0.279392 -0.477145 0.83323 1.58527
0.63758 -0.738397 -0.219686 2.83063 0.73464 0.496897 0.46195 -1.26761 -0.231941 -0.45592 0.859267 1.63891
0.723371 -0.666959 -0.178607 2.95625 0.664449 0.602096 0.442705 -1.04615 -0.187728 -0.438915 0.878699 1.71954
0.777576 -0.614159 -0.134851 3.05566 0.605087 0.672528 0.426117 -0.955728 -0.171013 -0.412935 0.894561 1.76188
0.794183 -0.597441 -0.111077 3.20591 0.582259 0.695825 0.420479 -0.772927 -0.173921 -0.398613 0.900477 1.85362
0.822559 -0.561893 -0.0875997 3.31679 0.554457 0.758178 0.343137 -0.677569 -0.12639 -0.330821 0.935192 1.9282
0.888412 -0.455643 -0.0558001 3.42128 0.449498 0.838816 0.307147 -0.607105 -0.0931431 -0.297955 0.950025 1.99216
0.931618 -0.363232 -0.0122654 3.50524 0.354976 0.902165 0.245132 -0.587015 -0.0779744 -0.232724 0.969412 2.0291
0.960782 -0.276955 -0.0139427 3.55298 0.274968 0.944965 0.177297 -0.581598 -0.035928 -0.174178 0.984059 2.0741
0.988787 -0.149286 0.00377736 3.61251 0.148014 0.983093 0.107796 -0.609998 -0.0198059 -0.106028 0.994166 2.11959
0.999638 -0.02501 0.00989668 3.67214 0.0246305 0.99902 0.0367684 -0.63807 -0.0108066 -0.0365113 0.999275 2.16619
0.994412 0.105553 0.00198503 3.727 -0.10547 0.994101 -0.0252731 -0.675938 -0.00464098 0.0249226 0.999679 2.19031
0.959324 0.281542 0.0207617 3.77692 -0.276097 0.951024 -0.13901 -0.723431 -0.058882 0.127623 0.990073 2.21223
0.896529 0.438171 -0.0651248 3.79843 -0.439203 0.860049 -0.259645 -0.805312 -0.0577586 0.261383 0.963506 2.23434
0.807113 0.582104 -0.0986045 3.82592 -0.573277 0.732774 -0.3666 -0.880486 -0.141144 0.352415 0.925139 2.24904
0.702325 0.696657 -0.146317 3.85066 -0.679374 0.594583 -0.430025 -0.955183 -0.212582 0.401421 0.890881 2.24804
0.635052 0.743359 -0.210062 3.83787 -0.734531 0.496931 -0.462086 -1.00068 -0.239109 0.447746 0.861597 2.25749
0.516982 0.80614 -0.287867 3.81733 -0.794793 0.327183 -0.511131 -1.08585 -0.317858 0.49304 0.809862 2.25205
0.384288 0.840112 -0.382798 3.8118 -0.83423 0.138385 -0.533769 -1.16531 -0.395452 0.524463 0.754027 2.24492
0.27399 0.859886 -0.430727 3.80037 -0.840072 -0.00404754 -0.54246 -1.23467 -0.468197 0.510471 0.721257 2.22125
0.191918 0.863038 -0.467261 3.76733 -0.84436 -0.0974711 -0.526835 -1.34675 -0.500223 0.495646 0.710009 2.20118
0.248708 0.855554 -0.45406 3.75461 -0.866808 -0.0125757 -0.498483 -1.55476 -0.432189 0.51756 0.738474 2.2103
0.184243 0.861715 -0.472759 3.75906 -0.854953 -0.0967803 -0.509597 -1.70775 -0.484881 0.498077 0.718895 2.2058
0.125665 0.846797 -0.516859 3.71584 -0.843133 -0.183397 -0.505462 -1.79923 -0.522815 0.4993 0.690916 2.18182
0.140114 0.854837 -0.499622 3.66941 -0.834064 -0.170026 -0.524813 -1.99066 -0.533578 0.49025 0.689166 2.17574
0.195713 0.869035 -0.454394 3.68901 -0.849531 -0.0812258 -0.521249 -2.14405 -0.489892 0.488037 0.722375 2.15587
0.278541 0.862665 -0.422165 3.69555 -0.854778 0.0222463 -0.518517 -2.28465 -0.437915 0.505286 0.743584 2.17015
0.295727 0.86455 -0.406325 3.70027 -0.85454 0.0493016 -0.517041 -2.53514 -0.426975 0.500123 0.753372 2.19301
0.33558 0.86753 -0.367121 3.74062 -0.850783 0.111804 -0.513487 -2.88468 -0.404419 0.484656 0.775599 2.21044
0.405095 0.859766 -0.310967 3.80242 -0.833497 0.207505 -0.512079 -3.11593 -0.375741 0.466631 0.800671 2.25346
0.470764 0.831824 -0.294023 3.86737 -0.821579 0.291867 -0.489716 -3.33248 -0.321542 0.472104 0.82081 2.28368
0.535329 0.811724 -0.233512 3.93599 -0.798277 0.395885 -0.453903 -3.40679 -0.276 0.429395 0.85991 2.3292
0.529518 0.816097 -0.23151 4.03019 -0.793256 0.379658 -0.47603 -3.61327 -0.300592 0.435713 0.848409 2.3919
0.455383 0.843387 -0.285174 4.05088 -0.821087 0.274034 -0.50072 -3.77757 -0.344153 0.462172 0.817285 2.38943
0.513659 0.817655 -0.25999 4.11043 -0.800786 0.348073 -0.487429 -3.99101 -0.308054 0.458569 0.833557 2.43809
0.602978 0.772337 -0.199783 4.18458 -0.75695 0.474831 -0.448957 -4.04893 -0.251883 0.421936 0.870933 2.48875
0.698609 0.700503 -0.145743 4.26655 -0.686606 0.599037 -0.411979 -4.12722 -0.201287 0.38788 0.899462 2.53415
0.784473 0.6115 -0.103295 4.36094 -0.603104 0.713438 -0.356752 -4.17252 -0.144459 0.34216 0.928471 2.57735
0.856285 0.513862 -0.0521714 4.43171 -0.504281 0.809903 -0.299597 -4.18314 -0.111698 0.28285 0.952638 2.60483
0.907615 0.419647 -0.0114314 4.50159 -0.41114 0.883052 -0.226239 -4.19613 -0.0848462 0.210038 0.974005 2.6528
0.952749 0.30376 0.000445405 4.5764 -0.29936 0.939196 -0.168211 -4.20948 -0.0515139 0.160129 0.985751 2.70141
0.977111 0.210505 0.030689 4.58291 -0.206706 0.973596 -0.0968651 -4.18875 -0.0502693 0.0883044 0.994824 2.69129
0.991256 0.110325 0.0723917 4.59065 -0.108766 0.993749 -0.025148 -4.15364 -0.0747137 0.0170543 0.997059 2.69842
0.995983 -0.00950587 0.0890402 4.59702 0.00320121 0.997494 0.0706837 -4.12383 -0.0894889 -0.0701147 0.993517 2.69878
0.990904 -0.118115 0.064487 4.60902 0.108131 0.984093 0.140954 -4.09827 -0.0801101 -0.132699 0.987914 2.7186
0.968115 -0.245767 0.0485037 4.65121 0.235495 0.958894 0.158316 -4.07133 -0.0854188 -0.141846 0.986196 2.73178
0.95486 -0.296895 0.00979068 4.71362 0.283034 0.919298 0.273463 -3.96887 -0.0901904 -0.258348 0.961833 2.76406
0.914642 -0.404232 0.00520987 4.74984 0.380332 0.864789 0.327854 -3.90936 -0.137035 -0.297888 0.944714 2.77817
0.838029 -0.543908 -0.0432671 4.7635 0.513845 0.760062 0.39783 -3.85696 -0.183497 -0.355626 0.916438 2.78527
0.739375 -0.665626 -0.101318 4.74976 0.626389 0.624853 0.466043 -3.81438 -0.246901 -0.408045 0.878942 2.78121
0.663174 -0.721868 -0.197757 4.72648 0.696849 0.499078 0.515095 -3.78249 -0.273134 -0.479404 0.834008 2.78452
0.548019 -0.798414 -0.24942 4.70498 0.761025 0.352157 0.544818 -3.73724 -0.347155 -0.488385 0.800602 2.77298
0.432048 -0.833008 -0.34559 4.69122 0.793953 0.169568 0.583854 -3.70127 -0.427753 -0.526635 0.734631 2.74417
0.354599 -0.841551 -0.407495 4.67209 0.806317 0.0545665 0.588961 -3.67976 -0.473405 -0.537415 0.697906 2.74179
0.242693 -0.858046 -0.452612 4.66314 0.810275 -0.0772573 0.580935 -3.6139 -0.533436 -0.507729 0.676503 2.7255
0.158794 -0.824914 -0.542496 4.61619 0.80604 -0.208996 0.553733 -3.56924 -0.570162 -0.525203 0.631726 2.71618
0.0561166 -0.80142 -0.595464 4.56586 0.784693 -0.333363 0.522615 -3.49579 -0.61734 -0.496583 0.610161 2.68942
-0.0485102 -0.758021 -0.650424 4.50837 0.746404 -0.46023 0.480696 -3.43345 -0.663722 -0.46216 0.588116 2.65731
-0.118455 -0.727615 -0.675681 4.43472 0.731086 -0.524376 0.436513 -3.29615 -0.671924 -0.442273 0.594064 2.61843
-0.0864897 -0.751678 -0.653835 4.35495 0.740283 -0.487693 0.462749 -3.10202 -0.666709 -0.444 0.598635 2.55899
0.00293185 -0.779766 -0.626065 4.31619 0.756166 -0.407955 0.51165 -2.96568 -0.654374 -0.474909 0.588436 2.52735
0.0113935 -0.780094 -0.625559 4.19139 0.77661 -0.387174 0.496964 -2.71723 -0.629879 -0.491477 0.601417 2.45367
-0.00686407 -0.780365 -0.625287 4.07908 0.783407 -0.392812 0.481634 -2.43975 -0.621471 -0.486548 0.61404 2.39505
-0.0194849 -0.765355 -0.643314 3.93742 0.766916 -0.424252 0.481507 -2.10632 -0.641451 -0.483985 0.59523 2.29199
-0.0383039 -0.746682 -0.664077 3.82815 0.744488 -0.464606 0.479457 -1.82348 -0.666536 -0.476032 0.573693 2.2225
0.00347266 -0.805993 -0.591914 3.79703 0.800814 -0.352263 0.484364 -1.71749 -0.598904 -0.475695 0.644227 2.21529
0.0646172 -0.814877 -0.576021 3.76106 0.825833 -0.280374 0.489276 -1.57755 -0.560201 -0.507312 0.654835 2.20415
0.0937371 -0.81721 -0.568666 3.6648 0.809522 -0.269935 0.521353 -1.27278 -0.579558 -0.509218 0.636246 2.12495
0.186016 -0.83742 -0.513932 3.66724 0.85081 -0.124339 0.510551 -1.15579 -0.491447 -0.532229 0.689356 2.14798
0.31573 -0.844751 -0.432101 3.70215 0.851558 0.051401 0.521734 -1.03081 -0.418525 -0.532686 0.735583 2.16379
0.394818 -0.838156 -0.376315 3.74271 0.829829 0.149518 0.537614 -0.911163 -0.394339 -0.524536 0.754559 2.18174
0.477007 -0.813021 -0.333859 3.79003 0.811414 0.261397 0.522761 -0.729265 -0.337746 -0.520258 0.784384 2.20863
0.55521 -0.780012 -0.288658 3.83758 0.777997 0.36437 0.511815 -0.639771 -0.294044 -0.50874 0.809149 2.22965
0.636999 -0.740324 -0.21483 3.88063 0.731789 0.49315 0.470412 -0.613917 -0.242314 -0.456863 0.855898 2.26344
0.730017 -0.659338 -0.179861 3.92307 0.660816 0.613839 0.431884 -0.571831 -0.174352 -0.434137 0.883814 2.28742
0.841688 -0.534505 -0.0765844 3.98154 0.523575 0.773214 0.357783 -0.558376 -0.13202 -0.341239 0.930659 2.30981
0.913391 -0.403559 -0.0534553 4.04122 0.399058 0.86168 0.313466 -0.559657 -0.0804407 -0.307648 0.948094 2.35779
0.947571 -0.319293 -0.0127277 4.06509 0.312138 0.916341 0.250778 -0.57185 -0.0684088 -0.241603 0.967961 2.38064
0.987883 -0.155126 0.00487048 4.0997 0.151367 0.969929 0.190595 -0.586458 -0.0342903 -0.187548 0.981657 2.42137
0.995652 -0.0868187 0.0337478 4.15049 0.0828761 0.991064 0.104514 -0.611353 -0.04252 -0.101262 0.993951 2.44551
0.998679 -0.0379786 0.034619 4.29588 0.0358372 0.997524 0.0605069 -0.59604 -0.0368312 -0.0591863 0.997567 2.51302
0.997875 0.0472799 0.0448448 4.4476 -0.0476591 0.998836 0.0074258 -0.589453 -0.0444416 -0.00954728 0.998966 2.59763
0.996207 0.0869355 0.00361021 4.55184 -0.0861913 0.991659 -0.0958294 -0.62881 -0.0119111 0.0951548 0.995391 2.68139
0.977692 0.209977 -0.00520741 4.72061 -0.209323 0.971999 -0.106776 -0.65885 -0.017359 0.105484 0.994269 2.78199
0.966598 0.256195 -0.00718157 4.92417 -0.254704 0.957098 -0.138162 -0.756427 -0.028523 0.135377 0.990384 2.91398
0.942669 0.333133 -0.0199465 5.14326 -0.330853 0.925042 -0.186635 -0.887613 -0.0437229 0.182534 0.982227 3.03288
0.912628 0.407107 -0.0370799 5.35711 -0.404931 0.887846 -0.218541 -1.03102 -0.0560483 0.214461 0.975123 3.1809
0.95632 0.291958 -0.0145968 5.48472 -0.290443 0.943328 -0.160546 -1.07741 -0.0331031 0.157772 0.98692 3.25995
0.982554 0.185008 0.0189403 5.62251 -0.183198 0.980384 -0.0726969 -1.07347 -0.0320183 0.0679589 0.997174 3.34417
0.997071 0.0727694 0.023559 5.74438 -0.0725561 0.997316 -0.00978434 -1.04623 -0.0242077 0.00804633 0.999675 3.41348
0.9986 -0.0508039 0.0146983 5.8508 0.0497838 0.996772 0.0629894 -1.01112 -0.0178509 -0.0621695 0.997906 3.46527
0.977968 -0.208707 -0.00435078 5.93156 0.206745 0.965468 0.158518 -0.957068 -0.0288833 -0.155925 0.987347 3.50824
0.941842 -0.334799 -0.0290284 5.95566 0.329847 0.904462 0.27046 -0.910932 -0.0642947 -0.264306 0.962293 3.50148
0.897302 -0.438767 -0.0483001 5.94941 0.429683 0.843142 0.323241 -0.877931 -0.101103 -0.310798 0.945083 3.49858
0.841518 -0.534234 -0.0802538 5.93792 0.521327 0.764114 0.379932 -0.847889 -0.14165 -0.361558 0.921526 3.50503
0.770339 -0.625286 -0.124884 5.90701 0.613182 0.672731 0.414054 -0.830347 -0.174889 -0.395538 0.901645 3.49594
0.688495 -0.708775 -0.153663 5.90769 0.679791 0.556869 0.477265 -0.820313 -0.252704 -0.433053 0.86522 3.49269
0.62448 -0.75823 -0.187381 5.90334 0.715356 0.458956 0.526901 -0.797909 -0.313512 -0.463083 0.829014 3.4794
0.546849 -0.79497 -0.262638 5.91581 0.756988 0.335468 0.560741 -0.740618 -0.357666 -0.505455 0.785233 3.48885
0.451913 -0.833326 -0.318343 5.92335 0.792802 0.211587 0.571573 -0.683395 -0.408949 -0.510684 0.756282 3.50279
0.329137 -0.852068 -0.406999 5.8887 0.820977 0.0452592 0.569165 -0.626393 -0.466547 -0.52147 0.714425 3.48294
0.214845 -0.832808 -0.51017 5.82655 0.819113 -0.130828 0.558514 -0.584715 -0.53188 -0.53788 0.654055 3.44403
0.114687 -0.829197 -0.547065 5.79497 0.789844 -0.25788 0.556457 -0.562624 -0.60249 -0.495914 0.625361 3.41793
0.0200922 -0.792091 -0.610072 5.75745 0.759147 -0.384992 0.524859 -0.547588 -0.650609 -0.47368 0.593578 3.39075
-0.0505971 -0.73372 -0.677565 5.71583 0.706399 -0.505883 0.495059 -0.54568 -0.706003 -0.453583 0.543895 3.35302
-0.161225 -0.639975 -0.751291 5.68478 0.633604 -0.650772 0.41838 -0.546567 -0.756672 -0.408568 0.510412 3.32586
-0.249627 -0.530326 -0.810211 5.63083 0.533762 -0.773469 0.341824 -0.550622 -0.807951 -0.347131 0.476146 3.28807
-0.328308 -0.446057 -0.832615 5.55158 0.427584 -0.85617 0.290076 -0.521158 -0.84225 -0.260779 0.471815 3.245
-0.351504 -0.374462 -0.858034 5.45068 0.388192 -0.892315 0.230395 -0.451996 -0.851911 -0.252097 0.459015 3.1942
-0.409597 -0.318246 -0.854956 5.34694 0.30568 -0.930879 0.20006 -0.413334 -0.859529 -0.179399 0.478566 3.12161
-0.419866 -0.150303 -0.895054 5.29785 0.158203 -0.983214 0.0908953 -0.459952 -0.893691 -0.103436 0.436596 3.09793
-0.425191 -0.052465 -0.903582 5.26057 0.032756 -0.998557 0.0425659 -0.495222 -0.904511 -0.0114991 0.426296 3.08865
-0.458181 0.0442478 -0.887757 5.20204 -0.0632181 -0.997853 -0.0171077 -0.516788 -0.886608 0.0482839 0.459995 3.05841
-0.446377 0.177133 -0.877138 5.13901 -0.180513 -0.977886 -0.105615 -0.562392 -0.876449 0.111191 0.468481 3.02037
-0.433667 0.270471 -0.859522 5.07582 -0.284056 -0.946285 -0.154455 -0.596501 -0.855129 0.17717 0.487202 2.98522
-0.44572 0.161422 -0.880498 4.94777 -0.155957 -0.982567 -0.101186 -0.606988 -0.881482 0.0922195 0.463125 2.90328
-0.432505 0.138389 -0.890948 4.69562 -0.10925 -0.988913 -0.100572 -0.663472 -0.894988 0.0538384 0.442829 2.75289
-0.434236 0.121777 -0.89253 4.3968 -0.107896 -0.990718 -0.08268 -0.717339 -0.894314 0.0603976 0.443345 2.57651
-0.432122 0.100679 -0.896178 3.99543 -0.0803482 -0.994095 -0.0729366 -0.79523 -0.898229 0.0404887 0.43766 2.33852
-0.423591 -0.0121541 -0.905772 3.87099 0.0389427 -0.99923 -0.00480362 -0.800052 -0.905016 -0.037308 0.423738 2.24069
-0.424336 -0.146627 -0.893554 3.69839 0.144555 -0.985116 0.0930043 -0.744397 -0.893892 -0.089703 0.439216 2.15859
-0.398139 -0.246358 -0.883625 3.55833 0.257251 -0.954595 0.150234 -0.669559 -0.880516 -0.1675 0.443437 2.05976
-0.358561 -0.342807 -0.868284 3.38961 0.352974 -0.910865 0.213857 -0.543646 -0.864201 -0.229801 0.447602 1.95629
-0.322504 -0.424886 -0.845851 3.2906 0.434908 -0.860205 0.266276 -0.428098 -0.840742 -0.281992 0.462206 1.88205
-0.253565 -0.523454 -0.81345 3.15159 0.528183 -0.779428 0.336918 -0.300982 -0.810387 -0.34422 0.474115 1.80367
-0.176303 -0.624836 -0.76059 3.10636 0.62348 -0.668814 0.40492 -0.207278 -0.761702 -0.402824 0.507487 1.76253
-0.141376 -0.706283 -0.693669 3.07666 0.681032 -0.577938 0.449647 -0.119139 -0.718476 -0.408842 0.562708 1.76129
-0.0247701 -0.784461 -0.619683 3.07829 0.756175 -0.420162 0.50166 -0.0101476 -0.6539 -0.456163 0.603598 1.75487
0.0720871 -0.815978 -0.573571 3.05843 0.792067 -0.30266 0.53012 0.128775 -0.606163 -0.492521 0.624491 1.73277
0.174401 -0.825093 -0.537407 3.0345 0.825453 -0.175053 0.536641 0.324061 -0.536854 -0.537195 0.650546 1.73505
0.235641 -0.832844 -0.500844 3.03485 0.832541 -0.0928657 0.546124 0.488971 -0.501347 -0.545662 0.671493 1.72879
0.298691 -0.838738 -0.455305 3.04545 0.831663 -0.00524704 0.555256 0.709005 -0.468103 -0.544511 0.69598 1.73292
0.424616 -0.830952 -0.359472 3.09329 0.812444 0.174495 0.556315 0.808891 -0.399545 -0.528271 0.749195 1.74698
0.460168 -0.839667 -0.288451 3.15391 0.816108 0.272117 0.509824 0.945988 -0.34959 -0.470012 0.810479 1.8013
0.522401 -0.805564 -0.279578 3.22645 0.794602 0.340944 0.502359 1.17182 -0.309362 -0.484586 0.818212 1.84196
0.635608 -0.732175 -0.244791 3.30189 0.736793 0.480631 0.475531 1.34056 -0.230518 -0.482612 0.844954 1.8971
0.710126 -0.677769 -0.190657 3.38237 0.674291 0.57675 0.461185 1.46845 -0.202615 -0.456058 0.866578 1.93093
0.7757 -0.619408 -0.120924 3.45038 0.608769 0.683868 0.402151 1.51145 -0.1664 -0.385563 0.907553 1.9803
0.840532 -0.534841 -0.08632 3.59392 0.527115 0.770562 0.358306 1.6097 -0.125122 -0.346668 0.929605 2.06732
0.898039 -0.437045 -0.0501703 3.69522 0.431226 0.852 0.296885 1.67211 -0.0870069 -0.288249 0.953595 2.14271
0.937773 -0.346667 -0.0200923 3.81082 0.341231 0.909251 0.238379 1.71184 -0.0643693 -0.230402 0.970964 2.19939
0.976575 -0.215178 1.67583e-05 3.94454 0.21301 0.966746 0.141527 1.71574 -0.0304697 -0.138208 0.989934 2.27955
0.993396 -0.112832 0.0207977 4.04429 0.110891 0.990742 0.0783148 1.68704 -0.0294416 -0.0754914 0.996712 2.34274
0.99946 -0.032589 0.00419673 4.2626 0.0325511 0.999431 0.0088012 1.69132 -0.00448117 -0.00865984 0.999952 2.48542
0.999252 0.0308514 0.0233224 4.56142 -0.0305939 0.999468 -0.0113166 1.70869 -0.0236591 0.0105946 0.999664 2.66395
0.990603 0.132093 0.0354577 4.72722 -0.130103 0.990053 -0.0535513 1.68815 -0.0421788 0.0484349 0.997935 2.76295
0.992965 0.117386 0.0155185 4.98266 -0.116424 0.9918 -0.0527041 1.61272 -0.021578 0.0505266 0.99849 2.93074
0.992099 0.122975 0.0248201 5.26911 -0.121801 0.991566 -0.0442897 1.59226 -0.0300573 0.0409167 0.99871 3.09342
0.996138 0.0850771 0.02172 5.44095 -0.0844234 0.995995 -0.0294229 1.58615 -0.0241362 0.0274756 0.999331 3.212
0.999978 0.00582332 0.00328428 5.5654 -0.00605318 0.997167 0.0749699 1.60053 -0.00283841 -0.0749881 0.99718 3.29634
0.997793 -0.0652674 0.0122095 5.80378 0.063922 0.993945 0.0893726 1.62644 -0.0179687 -0.0883949 0.995923 3.42097
0.984814 -0.17236 0.0208154 6.07839 0.168017 0.976393 0.135747 1.71996 -0.0437213 -0.130188 0.990525 3.58075
0.953328 -0.301932 -0.00184797 6.06643 0.295732 0.932479 0.207424 1.76244 -0.0609049 -0.19829 0.978249 3.58567
0.917522 -0.397596 -0.00842476 6.06323 0.385424 0.883814 0.265182 1.80153 -0.0979893 -0.246557 0.964162 3.58254
0.872656 -0.487245 -0.0326205 6.04961 0.470037 0.819965 0.326683 1.83527 -0.132427 -0.300415 0.944571 3.57456
0.821262 -0.566177 -0.0705205 6.02433 0.542039 0.735652 0.406214 1.86999 -0.17811 -0.371833 0.911053 3.54962
0.756464 -0.640832 -0.130755 5.99472 0.611235 0.621556 0.48996 1.89443 -0.23271 -0.450559 0.861883 3.52062
0.689633 -0.701061 -0.181439 5.97946 0.663042 0.510546 0.547466 1.94634 -0.291174 -0.497852 0.816922 3.49275
0.646755 -0.726942 -0.230787 5.93589 0.668702 0.394939 0.629969 1.99522 -0.366805 -0.561763 0.741537 3.44219
0.546332 -0.795434 -0.262308 5.91396 0.724607 0.2918 0.624337 2.01094 -0.420078 -0.531165 0.735797 3.4409
0.482098 -0.797618 -0.362474 5.9011 0.749503 0.161232 0.642066 2.02282 -0.453681 -0.581215 0.675547 3.43318
0.376938 -0.835387 -0.400058 5.90585 0.770936 0.0435599 0.635422 2.03427 -0.513397 -0.547933 0.660449 3.43187
0.25002 -0.866456 -0.432139 5.88566 0.746637 -0.11163 0.655799 2.05522 -0.616461 -0.486614 0.619018 3.41711
0.12572 -0.861869 -0.4913 5.8645 0.764724 -0.231284 0.601419 2.11437 -0.631975 -0.451319 0.630015 3.43811
0.0530397 -0.793892 -0.605741 5.80971 0.762289 -0.359653 0.538113 2.19946 -0.64506 -0.490291 0.586099 3.4184
-0.00572976 -0.717683 -0.696346 5.70708 0.754648 -0.459994 0.467879 2.33893 -0.656104 -0.522816 0.544234 3.35374
-0.110885 -0.693512 -0.711861 5.6334 0.69111 -0.568542 0.446235 2.40657 -0.714192 -0.442494 0.542336 3.30642
-0.223562 -0.588632 -0.776873 5.52021 0.59899 -0.711747 0.366915 2.50089 -0.768915 -0.383311 0.511705 3.24147
-0.314759 -0.46509 -0.827416 5.40037 0.460815 -0.836975 0.295163 2.51211 -0.829805 -0.288381 0.477766 3.16822
-0.367415 -0.317061 -0.874345 5.32597 0.318153 -0.926229 0.202182 2.50355 -0.873948 -0.203891 0.441185 3.11288
-0.409266 -0.160769 -0.89814 5.24795 0.177991 -0.97951 0.0942271 2.48806 -0.894886 -0.121297 0.429496 3.07126
-0.42694 -0.0309732 -0.90375 5.17297 0.0632904 -0.997986 0.00430383 2.45045 -0.902063 -0.0553612 0.42804 3.02692
-0.43284 0.0818313 -0.897749 5.06809 -0.0575403 -0.996349 -0.0630763 2.41887 -0.899632 0.0243548 0.435968 2.96444
-0.432532 0.186233 -0.882176 4.96873 -0.130145 -0.981084 -0.143303 2.3772 -0.892176 0.0528281 0.448587 2.91333
-0.424573 0.23306 -0.874883 4.83881 -0.208705 -0.965471 -0.155909 2.3275 -0.881011 0.116398 0.458554 2.82349
-0.419914 0.23833 -0.875712 4.527 -0.212733 -0.963869 -0.160315 2.21087 -0.882279 0.118974 0.455443 2.63302
-0.418531 0.256822 -0.871134 4.25151 -0.242177 -0.956014 -0.165494 2.08503 -0.875318 0.141704 0.462318 2.46648
-0.429802 0.227863 -0.873699 3.98468 -0.209602 -0.966379 -0.148924 2.0413 -0.878258 0.119121 0.463112 2.29864
-0.43112 0.117308 -0.894636 3.78571 -0.123804 -0.989826 -0.0701293 1.98415 -0.893761 0.080525 0.441257 2.16912
-0.427674 0.055788 -0.90221 3.58917 -0.0170875 -0.998414 -0.0536369 1.99979 -0.903772 -0.00752259 0.427949 2.03581
-0.418771 0.0379367 -0.907299 3.29736 -0.0197346 -0.999271 -0.0326737 2.03257 -0.907877 0.00422243 0.419215 1.86451
-0.435519 0.0611385 -0.898101 2.92944 -0.036022 -0.998075 -0.050476 1.97577 -0.899458 0.0103681 0.436884 1.65082
-0.427943 0.068851 -0.901179 2.57427 -0.0682096 -0.996711 -0.043759 1.88218 -0.901228 0.0427428 0.431232 1.43267
-0.426186 0.0831848 -0.900803 2.19393 -0.0749696 -0.995586 -0.0564681 1.77924 -0.901524 0.0434669 0.430541 1.19632
-0.438752 0.0165516 -0.898456 2.00107 0.0240501 -0.999256 -0.0301532 1.76015 -0.898286 -0.0348377 0.438028 1.07582
-0.444309 -0.0927281 -0.891062 1.85869 0.096256 -0.993812 0.0554248 1.75872 -0.890687 -0.0611443 0.450486 0.999164
-0.403086 -0.215291 -0.889478 1.71691 0.203738 -0.968654 0.142127 1.81956 -0.892195 -0.123931 0.434314 0.902286
-0.391322 -0.314136 -0.864977 1.62993 0.287689 -0.934583 0.209262 1.87345 -0.87413 -0.166955 0.456096 0.859038
-0.341349 -0.402712 -0.849296 1.5043 0.402205 -0.879246 0.25526 1.9879 -0.849537 -0.254458 0.462102 0.793055
-0.290639 -0.490825 -0.821352 1.39115 0.492085 -0.812861 0.311625 2.10728 -0.820598 -0.313605 0.477777 0.707743
-0.22745 -0.582693 -0.780215 1.3341 0.573863 -0.727514 0.376039 2.20129 -0.786732 -0.362206 0.499859 0.672814
-0.143544 -0.654861 -0.741992 1.28928 0.646631 -0.62964 0.430607 2.30774 -0.749176 -0.417984 0.513834 0.639139
-0.0821206 -0.700786 -0.708629 1.24484 0.711294 -0.539251 0.450854 2.40999 -0.698081 -0.467019 0.542748 0.598992
-0.00908631 -0.764326 -0.644766 1.18377 0.748603 -0.432686 0.50237 2.60165 -0.662956 -0.47811 0.576108 0.569314
0.0838 -0.798551 -0.596065 1.1531 0.802178 -0.30081 0.515774 2.77375 -0.591175 -0.521372 0.615373 0.540627
0.159056 -0.834075 -0.528223 1.15963 0.834157 -0.172656 0.523805 2.86775 -0.528093 -0.523935 0.668288 0.554138
0.261567 -0.849671 -0.457867 1.17652 0.840828 -0.0323295 0.540336 3.01081 -0.47391 -0.526321 0.705971 0.563616
0.338164 -0.851247 -0.401278 1.2303 0.841242 0.0822926 0.534359 3.23208 -0.421849 -0.518272 0.743933 0.584348
0.424409 -0.829638 -0.362736 1.27728 0.81582 0.176566 0.550692 3.42678 -0.392828 -0.529646 0.751772 0.598218
0.47828 -0.810094 -0.33911 1.3127 0.805965 0.251525 0.535868 3.57493 -0.348809 -0.529606 0.773207 0.633601
0.582909 -0.773975 -0.247347 1.39469 0.742058 0.383072 0.550097 3.67212 -0.331009 -0.504202 0.79763 0.668255
0.637713 -0.737371 -0.222725 1.51217 0.72613 0.479005 0.493245 3.90494 -0.257018 -0.476276 0.840894 0.738528
0.698174 -0.691754 -0.184468 1.61787 0.682211 0.564688 0.464451 4.13817 -0.217119 -0.450114 0.866173 0.80561
0.782699 -0.613249 -0.10634 1.75419 0.592575 0.68198 0.428669 4.30417 -0.190359 -0.398534 0.897181 0.874191
0.847366 -0.525165 -0.0785591 1.83812 0.518439 0.786204 0.33631 4.33529 -0.114855 -0.325705 0.938469 0.945321
0.890635 -0.453416 -0.0343963 1.9475 0.441986 0.84544 0.299799 4.3719 -0.106854 -0.282214 0.953382 1.01182
0.934334 -0.355707 -0.0222095 2.071 0.350928 0.907325 0.23154 4.4367 -0.0622092 -0.22413 0.972572 1.08565
0.977437 -0.211226 -0.000232926 2.19405 0.208456 0.964442 0.162471 4.46955 -0.0340935 -0.158854 0.986713 1.16515
0.992661 -0.11812 0.0259139 2.33611 0.114681 0.987492 0.108205 4.47836 -0.0383709 -0.104439 0.993791 1.23987
0.999705 -0.018236 0.0160478 2.56295 0.0170019 0.997118 0.0739396 4.48216 -0.0173499 -0.0736449 0.997134 1.38427
0.996782 0.0752323 0.02769 2.71414 -0.0758147 0.996909 0.0206217 4.45858 -0.026053 -0.0226547 0.999404 1.46064
0.996295 0.082138 0.0254903 2.91652 -0.0821557 0.996619 -0.00035558 4.40995 -0.0254334 -0.00173991 0.999675 1.60662
0.998889 0.042707 0.0199059 3.16114 -0.0432513 0.998678 0.0277618 4.41961 -0.018694 -0.0285919 0.999416 1.75411
0.999331 0.0339774 0.0135363 3.46113 -0.0343014 0.999112 0.0244689 4.47682 -0.0126929 -0.0249169 0.999609 1.93741
0.999734 0.0137152 0.0185503 3.77862 -0.014318 0.999361 0.0327646 4.46295 -0.0180891 -0.0330215 0.999291 2.14214
0.998875 0.0258731 0.039742 4.15441 -0.0273217 0.998966 0.0363508 4.44122 -0.0387604 -0.0373957 0.998549 2.37243
0.997765 0.0508241 0.0433751 4.4704 -0.0516086 0.99852 0.0171628 4.47347 -0.0424387 -0.019363 0.998911 2.5657
0.997559 0.066438 0.0215068 4.73424 -0.0666661 0.997725 0.01007 4.47906 -0.0207888 -0.0114792 0.999718 2.74831
0.996543 0.0816129 0.0155148 5.0662 -0.0815032 0.996644 -0.00757811 4.43111 -0.0160812 0.00628741 0.999851 2.94665
0.992003 0.119599 0.0403278 5.33241 -0.118232 0.992378 -0.0347293 4.38946 -0.044174 0.0296835 0.998583 3.10028
0.994835 0.0998084 0.0185046 5.54936 -0.0988889 0.994067 -0.0452946 4.3401 -0.0229156 0.0432308 0.998802 3.23833
0.994548 0.095963 0.040798 5.76046 -0.0946964 0.994994 -0.0319237 4.31938 -0.0436572 0.0278863 0.998657 3.38091
0.997665 0.061304 0.0300913 6.00441 -0.0620938 0.99773 0.0260545 4.30167 -0.0284258 -0.0278622 0.999208 3.55484
0.998553 -0.0536798 0.00319485 6.09236 0.0534038 0.996879 0.0581383 4.31298 -0.00630573 -0.0578836 0.998303 3.59613
0.986747 -0.157504 0.0390347 6.10239 0.151691 0.980766 0.122833 4.37377 -0.0576306 -0.115284 0.991659 3.6001
0.972987 -0.220681 0.067803 6.17064 0.203548 0.958612 0.199075 4.46088 -0.108929 -0.179896 0.977636 3.60994
0.950171 -0.307566 0.0507747 6.2585 0.286225 0.925307 0.248761 4.50878 -0.123493 -0.221832 0.967233 3.66048
0.930599 -0.366001 -0.00540772 6.28698 0.346735 0.876687 0.333458 4.55436 -0.117305 -0.312191 0.94275 3.69516
0.857366 -0.510487 -0.065776 6.33005 0.491212 0.773351 0.400797 4.6278 -0.153734 -0.37594 0.913803 3.71912
0.734619 -0.660666 -0.154454 6.31718 0.64078 0.600754 0.478013 4.68451 -0.223018 -0.450129 0.864666 3.70489
0.654229 -0.734141 -0.18172 6.30814 0.700412 0.497489 0.511789 4.70084 -0.285321 -0.462106 0.839673 3.69692
0.567088 -0.772603 -0.285474 6.27962 0.747082 0.336545 0.573242 4.74366 -0.346814 -0.538351 0.768049 3.67913
0.447367 -0.814696 -0.368961 6.25283 0.800926 0.181377 0.570631 4.77879 -0.39797 -0.550793 0.733653 3.67637
0.342394 -0.829083 -0.442027 6.24354 0.808956 0.0208566 0.587499 4.81364 -0.477866 -0.558736 0.677833 3.66031
0.252942 -0.821467 -0.51109 6.22068 0.810806 -0.108225 0.575222 4.83594 -0.527839 -0.559892 0.638676 3.64972
0.107269 -0.796668 -0.594823 6.18259 0.783287 -0.300754 0.544066 4.85682 -0.612335 -0.524278 0.591758 3.62943
-0.00028136 -0.75759 -0.652731 6.14161 0.718138 -0.454389 0.527076 4.88464 -0.695901 -0.468602 0.544182 3.60266
-0.0701797 -0.685414 -0.724764 6.12531 0.654105 -0.580171 0.485334 4.91066 -0.753141 -0.440011 0.489049 3.57934
-0.146863 -0.593687 -0.791181 6.08913 0.601439 -0.68861 0.405077 4.89627 -0.785304 -0.416356 0.458198 3.56274
-0.234646 -0.529738 -0.815058 6.06531 0.515785 -0.778552 0.357522 4.91987 -0.823958 -0.336503 0.455915 3.54268
-0.312478 -0.400475 -0.861381 6.01261 0.385163 -0.882319 0.270486 4.91067 -0.868336 -0.247251 0.429954 3.51842
-0.363854 -0.330569 -0.870824 5.98144 0.278934 -0.930671 0.236741 4.89536 -0.88871 -0.156763 0.430835 3.49828
-0.402316 -0.211161 -0.890816 5.94391 0.174078 -0.972929 0.152006 4.88774 -0.898798 -0.0939172 0.428183 3.47288
-0.413388 -0.10782 -0.904149 5.88663 0.0935604 -0.992739 0.0756071 4.85569 -0.905736 -0.0533375 0.420474 3.42451
-0.453836 -0.0671608 -0.888551 5.77177 0.0395095 -0.997692 0.0552303 4.77086 -0.890209 -0.0100407 0.455442 3.35668
-0.47735 -0.0719292 -0.875764 5.63045 0.0425544 -0.997367 0.0587218 4.78033 -0.877682 -0.00923677 0.479154 3.27958
-0.469439 -0.0387614 -0.882114 5.49231 0.0600195 -0.998126 0.0119183 4.79635 -0.880923 -0.0473492 0.470885 3.19723
-0.461243 -0.027016 -0.886862 5.27653 0.0224396 -0.999572 0.0187789 4.86534 -0.88699 -0.0112392 0.461652 3.08169
-0.424742 0.011294 -0.905244 5.06608 -0.0122344 -0.999902 -0.00673459 4.83172 -0.905232 0.00821462 0.424839 2.93178
-0.399009 0.102667 -0.911181 4.87313 -0.077258 -0.993943 -0.0781604 4.77535 -0.913687 0.0392093 0.404524 2.80437
-0.419853 0.151603 -0.894841 4.66766 -0.129972 -0.985831 -0.106036 4.73283 -0.898238 0.0717846 0.433608 2.69269
-0.419183 0.140242 -0.897005 4.3696 -0.119521 -0.987923 -0.0986028 4.67365 -0.9 0.0658784 0.430882 2.49604
-0.409981 0.113102 -0.905055 4.17624 -0.116214 -0.990672 -0.0711573 4.60481 -0.90466 0.0760067 0.4193 2.36259
-0.427605 0.108264 -0.897459 3.93153 -0.121687 -0.99066 -0.0615285 4.52706 -0.895738 0.0828991 0.436785 2.22273
-0.430947 0.126191 -0.893511 3.52222 -0.105333 -0.990439 -0.0890769 4.47395 -0.896209 0.0557289 0.440118 1.97747
-0.413166 0.127311 -0.901713 3.2057 -0.134684 -0.987833 -0.0777575 4.39433 -0.900641 0.0893199 0.425285 1.76259
-0.419769 0.0598314 -0.905657 2.94731 -0.0818142 -0.996257 -0.0278962 4.37541 -0.903936 0.0623856 0.423093 1.6118
-0.421918 0.0501717 -0.905245 2.51417 -0.0385033 -0.998558 -0.0373977 4.35337 -0.905816 0.0190762 0.423242 1.34786
-0.426695 0.0504604 -0.902987 2.19385 -0.0386057 -0.998548 -0.0375578 4.34677 -0.903571 0.0188347 0.428024 1.14594
-0.417074 0.00314908 -0.908867 1.83312 0.0175923 -0.999779 -0.0115371 4.25674 -0.908702 -0.0208009 0.416926 0.907846
-0.422545 -0.158794 -0.892323 1.64082 0.134026 -0.984656 0.111759 4.31081 -0.896377 -0.0723713 0.437344 0.81931
-0.369577 -0.322612 -0.871398 1.50569 0.313919 -0.926005 0.20969 4.42631 -0.874567 -0.196052 0.443505 0.731299
-0.319769 -0.47722 -0.818541 1.39134 0.43431 -0.841622 0.32101 4.53759 -0.842094 -0.252851 0.476386 0.643463
-0.231676 -0.581786 -0.779648 1.32602 0.560845 -0.734729 0.38161 4.64103 -0.794846 -0.348852 0.496511 0.595869
-0.113667 -0.682728 -0.721777 1.2793 0.660374 -0.594695 0.458523 4.75083 -0.742284 -0.424524 0.518453 0.545849
-0.0151145 -0.792082 -0.610227 1.23715 0.741379 -0.418383 0.524703 4.92103 -0.670916 -0.444479 0.593557 0.526672
0.113515 -0.823459 -0.555905 1.21946 0.792456 -0.262446 0.550578 5.10547 -0.599273 -0.503029 0.622763 0.51903
0.204595 -0.840758 -0.501265 1.22454 0.805081 -0.146743 0.574727 5.29109 -0.556764 -0.521145 0.646855 0.509119
0.314793 -0.839991 -0.441951 1.23699 0.805179 -0.0102227 0.592943 5.49771 -0.502585 -0.542504 0.673126 0.499448
0.355312 -0.833091 -0.423925 1.26324 0.822043 0.062599 0.565974 5.83124 -0.444971 -0.549582 0.707079 0.511709
0.410971 -0.826113 -0.385538 1.3055 0.809161 0.135734 0.571694 6.2822 -0.419953 -0.546912 0.724242 0.531294
0.480773 -0.811698 -0.331667 1.39072 0.799505 0.250474 0.545943 6.64493 -0.360067 -0.527644 0.769378 0.597436
0.553162 -0.790785 -0.26205 1.46169 0.775318 0.373596 0.509223 6.79783 -0.304785 -0.484855 0.819769 0.639368
0.673311 -0.71107 -0.202562 1.59367 0.701889 0.528621 0.4774 6.9977 -0.232386 -0.463615 0.855019 0.707877
0.776931 -0.616091 -0.129652 1.69292 0.604738 0.67299 0.425884 7.08503 -0.175129 -0.409288 0.89544 0.744492
0.854878 -0.512986 -0.0776474 1.80047 0.511092 0.806896 0.296149 7.11923 -0.0892668 -0.292856 0.95198 0.82016
0.913326 -0.405953 -0.0322101 1.90882 0.399614 0.878218 0.262757 7.15653 -0.0783796 -0.252855 0.964324 0.882787
0.936357 -0.350697 -0.0157448 2.06023 0.346001 0.914382 0.210209 7.213 -0.059323 -0.202279 0.97753 0.970736
0.968649 -0.248009 -0.0145391 2.16411 0.245729 0.947847 0.202984 7.24202 -0.036561 -0.200193 0.979074 1.0369
0.982869 -0.178142 0.0472594 2.28358 0.168736 0.972905 0.158065 7.25301 -0.0741369 -0.147383 0.986297 1.09093
0.994547 -0.102462 0.0194414 2.37509 0.100718 0.992018 0.0758623 7.25177 -0.0270592 -0.0734905 0.996929 1.17149
0.999702 0.00727078 0.0232858 2.60538 -0.00781357 0.999698 0.0233044 7.24253 -0.0231093 -0.0234794 0.999457 1.31895
0.99552 0.0944723 -0.0038819 2.72574 -0.0945477 0.994243 -0.0504149 7.19524 -0.000903252 0.050556 0.998721 1.40451
0.981761 0.1899 -0.00910703 2.97512 -0.189887 0.977076 -0.0962535 7.15151 -0.00938029 0.0962273 0.995315 1.55596
0.986207 0.165476 0.00354896 3.23981 -0.164931 0.984306 -0.0627637 7.07957 -0.0138792 0.0613127 0.998022 1.72161
0.994484 0.100624 0.0295964 3.45464 -0.100665 0.99492 -0.000104487 7.07738 -0.0294566 -0.0028754 0.999562 1.86695
0.998228 0.0595069 0.00063249 3.78242 -0.0595103 0.998176 0.0101417 7.04534 -2.78363e-05 -0.0101613 0.999948 2.0628
0.998271 0.0564917 0.0162442 4.17883 -0.0569659 0.997914 0.0303843 7.04017 -0.0144939 -0.0312571 0.999406 2.3064
0.998405 0.0561374 -0.00594472 4.53324 -0.0559519 0.998047 0.0277753 7.05725 0.00749234 -0.0273984 0.999597 2.54572
0.987886 0.154371 -0.0158236 4.66647 -0.154865 0.987236 -0.0371829 7.01632 0.00988165 0.039183 0.999183 2.64255
0.978746 0.204949 0.00719897 4.92265 -0.203597 0.975301 -0.0856477 6.95181 -0.0245745 0.0823616 0.996299 2.79579
0.984961 0.17257 0.00843042 5.10305 -0.171788 0.983373 -0.0588748 6.91321 -0.0184503 0.0565412 0.99823 2.90622
0.993409 0.113881 0.0130162 5.22886 -0.11387 0.993494 -0.00152683 6.91689 -0.0131054 3.46086e-05 0.999914 3.00412
0.999698 0.0225861 0.00964795 5.31633 -0.0230565 0.998391 0.0517982 6.93958 -0.00846251 -0.052005 0.998611 3.04815
0.995468 -0.0915844 -0.0256143 5.4009 0.0939818 0.98858 0.117799 6.97504 0.0145332 -0.119673 0.992707 3.10388
0.952856 -0.30013 -0.0445924 5.44815 0.303206 0.936262 0.177427 7.02266 -0.0115009 -0.182583 0.983123 3.13691
0.924407 -0.376786 -0.059187 5.47148 0.377075 0.879514 0.290293 7.07486 -0.0573229 -0.290667 0.955106 3.13833
0.881181 -0.464503 -0.0880717 5.51319 0.463991 0.813914 0.349653 7.1477 -0.0907321 -0.348972 0.932731 3.15243
0.827734 -0.549901 -0.111649 5.52934 0.545808 0.742879 0.387588 7.19281 -0.130193 -0.381759 0.915046 3.16629
0.747677 -0.641028 -0.173384 5.5227 0.637935 0.620828 0.455645 7.24901 -0.18444 -0.451283 0.873113 3.15476
0.660832 -0.723005 -0.201407 5.50531 0.700418 0.497669 0.511605 7.30504 -0.269659 -0.479154 0.835281 3.13808
0.565345 -0.775156 -0.281989 5.48379 0.755703 0.349723 0.553721 7.34382 -0.330602 -0.526144 0.783502 3.13101
0.47199 -0.812109 -0.343081 5.45794 0.788786 0.215198 0.575767 7.36107 -0.393755 -0.542373 0.742151 3.11815
0.384647 -0.823868 -0.416279 5.42368 0.795081 0.0666118 0.602834 7.36948 -0.468926 -0.562854 0.680664 3.09539
0.307659 -0.807129 -0.503875 5.39205 0.790707 -0.0776916 0.607244 7.38073 -0.529271 -0.585241 0.6143 3.06375
0.14988 -0.776426 -0.612127 5.33029 0.76079 -0.304845 0.572947 7.39382 -0.631455 -0.551573 0.545007 3.0323
0.00785598 -0.748969 -0.662558 5.29851 0.728098 -0.44988 0.517186 7.42197 -0.685428 -0.486471 0.541789 3.02124
-0.0773025 -0.677478 -0.73147 5.27215 0.658444 -0.585597 0.472787 7.42634 -0.74865 -0.445084 0.491349 2.99265
-0.191455 -0.573232 -0.796712 5.2301 0.578588 -0.721607 0.380156 7.43452 -0.792831 -0.388186 0.46982 2.97854
-0.251289 -0.501977 -0.82757 5.19371 0.468983 -0.811083 0.349571 7.44248 -0.846704 -0.300273 0.439235 2.96329
-0.317837 -0.421699 -0.849205 5.14751 0.388775 -0.874857 0.288928 7.46356 -0.864773 -0.238318 0.442009 2.92726
-0.349032 -0.353493 -0.867882 5.05282 0.360702 -0.905449 0.223732 7.48696 -0.86491 -0.234957 0.443537 2.85531
-0.349062 -0.420152 -0.837632 4.97364 0.405227 -0.873639 0.269345 7.54769 -0.844954 -0.245414 0.475211 2.81235
-0.328746 -0.448796 -0.830968 4.89904 0.464993 -0.842753 0.2712 7.61036 -0.822014 -0.297238 0.485739 2.76202
-0.280507 -0.552015 -0.785236 4.83991 0.559571 -0.758728 0.333486 7.68842 -0.77987 -0.34585 0.52172 2.72819
-0.208878 -0.61384 -0.761295 4.81418 0.649731 -0.668925 0.361093 7.76094 -0.730903 -0.419213 0.538555 2.71691
-0.0908689 -0.697151 -0.711142 4.8178 0.728499 -0.533415 0.429834 7.82584 -0.678994 -0.479008 0.556345 2.70541
0.0196063 -0.756136 -0.654121 4.80733 0.773169 -0.403338 0.489416 7.91966 -0.633896 -0.515342 0.576713 2.68137
0.0775135 -0.804376 -0.589042 4.81349 0.81002 -0.293644 0.507583 7.98595 -0.581257 -0.51648 0.628799 2.69434
0.223806 -0.820803 -0.525541 4.82593 0.83431 -0.117396 0.538651 8.06293 -0.503822 -0.559018 0.65853 2.7052
0.333132 -0.832357 -0.44295 4.8702 0.82823 0.0338051 0.559368 8.13544 -0.45062 -0.553208 0.700644 2.71113
0.410229 -0.824387 -0.389998 4.89364 0.829331 0.159328 0.535561 8.19505 -0.379372 -0.54314 0.74905 2.74425
0.542043 -0.786315 -0.296478 4.94712 0.782502 0.343639 0.519233 8.26985 -0.306399 -0.513441 0.80156 2.79053
0.687335 -0.693871 -0.21474 5.0215 0.696443 0.545631 0.466106 8.33588 -0.206248 -0.469925 0.858273 2.82003
0.753725 -0.634468 -0.171314 5.09706 0.635463 0.637135 0.436171 8.36697 -0.167586 -0.437617 0.883406 2.86409
0.853677 -0.504664 -0.128642 5.16197 0.514522 0.779006 0.358352 8.40004 -0.0806347 -0.372106 0.924681 2.92384
0.909624 -0.413199 -0.0430155 5.24683 0.4049 0.858632 0.314337 8.43032 -0.0929491 -0.303345 0.948337 2.95318
0.95183 -0.304673 -0.0345435 5.31545 0.303859 0.922139 0.239434 8.44479 -0.0410952 -0.238397 0.970298 3.0087
0.978003 -0.207957 -0.0162507 5.3768 0.208016 0.966563 0.149952 8.42965 -0.0154762 -0.150034 0.98856 3.05371
0.974427 -0.222183 -0.0335738 5.51529 0.224705 0.963088 0.148222 8.46386 -0.00059789 -0.151976 0.988384 3.14322
0.95078 -0.309089 -0.0219285 5.54006 0.306621 0.928252 0.21055 8.50032 -0.0447235 -0.206911 0.977337 3.15066
0.899963 -0.433806 -0.04334 5.58116 0.426866 0.85661 0.289836 8.56433 -0.0886071 -0.279342 0.956095 3.15798
0.818808 -0.560513 -0.124011 5.57834 0.557692 0.725441 0.403379 8.64005 -0.136136 -0.39945 0.906591 3.15772
0.747386 -0.645186 -0.158584 5.57904 0.636423 0.626708 0.449671 8.67413 -0.190736 -0.437004 0.879004 3.16283
0.677746 -0.699518 -0.22657 5.56535 0.696551 0.51209 0.502574 8.7113 -0.235536 -0.498435 0.834317 3.15524
0.595842 -0.754223 -0.275899 5.55028 0.732365 0.369312 0.572058 8.74701 -0.329567 -0.542915 0.772418 3.13469
0.47532 -0.796331 -0.374068 5.52177 0.775892 0.178949 0.604954 8.77893 -0.414804 -0.577784 0.702925 3.10105
0.301535 -0.812652 -0.498672 5.46702 0.794465 -0.0750265 0.602658 8.81408 -0.527165 -0.5779 0.623 3.08346
0.172 -0.809579 -0.561247 5.45485 0.788978 -0.227935 0.570578 8.83482 -0.589856 -0.540951 0.599535 3.07356
0.0707394 -0.768857 -0.635496 5.43526 0.741719 -0.385445 0.548895 8.84611 -0.66697 -0.510188 0.543009 3.04374
0.0091974 -0.711795 -0.702327 5.40504 0.704232 -0.494021 0.509902 8.84561 -0.70991 -0.499291 0.496725 3.02581
-0.0294191 -0.746137 -0.665142 5.35214 0.717172 -0.479279 0.505921 8.96521 -0.696275 -0.462137 0.549209 3.01466
0.046574 -0.757734 -0.6509 5.31619 0.767825 -0.38965 0.508545 9.07162 -0.638964 -0.523462 0.56366 2.98882
0.101368 -0.783149 -0.613516 5.3082 0.798372 -0.303909 0.519847 9.19368 -0.593571 -0.54251 0.594438 2.96252
0.149591 -0.821638 -0.550031 5.29218 0.818291 -0.209376 0.535315 9.34359 -0.554998 -0.530163 0.641018 2.94845
0.174364 -0.826648 -0.535024 5.22756 0.830729 -0.168224 0.530651 9.62346 -0.528665 -0.536986 0.657388 2.91505
0.281223 -0.835503 -0.472069 5.23494 0.816916 -0.0496949 0.574612 9.80121 -0.503549 -0.547235 0.66856 2.91004
0.340663 -0.835285 -0.431565 5.22408 0.833789 0.0562949 0.549206 10.0546 -0.434449 -0.546928 0.715628 2.93174
0.444149 -0.824899 -0.349676 5.26259 0.809961 0.202836 0.550291 10.1481 -0.383008 -0.527635 0.758226 2.94579
0.518666 -0.802546 -0.294795 5.31191 0.795082 0.325972 0.511455 10.2358 -0.314372 -0.499661 0.807161 2.99082
0.616373 -0.751103 -0.236494 5.38914 0.741439 0.452404 0.495579 10.3107 -0.26524 -0.480807 0.835746 3.0228
0.685386 -0.69179 -0.227315 5.45032 0.703529 0.548555 0.451812 10.4156 -0.187865 -0.469589 0.862666 3.05858
0.752996 -0.635255 -0.171605 5.51316 0.639693 0.645559 0.417189 10.4706 -0.15424 -0.423916 0.892471 3.09019
0.821289 -0.556708 -0.124741 5.59096 0.55895 0.74138 0.371391 10.5271 -0.114275 -0.374744 0.920059 3.14424
0.859972 -0.498053 -0.111314 5.70533 0.506506 0.806273 0.305574 10.6138 -0.0624431 -0.319166 0.945639 3.19308
0.869875 -0.47916 -0.117148 5.82245 0.490077 0.812524 0.315639 10.715 -0.0560558 -0.331978 0.94162 3.28271
0.842076 -0.513196 -0.165943 5.80627 0.539042 0.790237 0.291476 10.6984 -0.0184504 -0.334895 0.942075 3.2799
0.773238 -0.607268 -0.182561 5.81784 0.6272 0.690019 0.361241 10.7585 -0.0933993 -0.393828 0.914427 3.2612
0.692341 -0.687772 -0.218252 5.81303 0.697986 0.561641 0.444269 10.7918 -0.182977 -0.459922 0.868902 3.24683
0.649044 -0.731674 -0.208314 5.79905 0.699566 0.46644 0.541333 10.8191 -0.298913 -0.497078 0.814594 3.23311
0.560904 -0.785468 -0.261585 5.77835 0.751848 0.351023 0.558128 10.8271 -0.346569 -0.509729 0.787443 3.22847
0.491034 -0.806871 -0.328397 5.7535 0.782993 0.243548 0.57237 10.8176 -0.381848 -0.538185 0.751364 3.22043
0.397006 -0.816219 -0.419729 5.72466 0.807521 0.0932748 0.582418 10.8367 -0.43623 -0.570163 0.696145 3.20751
0.294519 -0.824772 -0.48271 5.7119 0.812763 -0.0495077 0.580487 10.8184 -0.502668 -0.563293 0.655764 3.18773
0.213996 -0.814892 -0.538661 5.69843 0.799568 -0.170656 0.575819 10.8059 -0.561156 -0.553919 0.615042 3.17778
0.114182 -0.790949 -0.601135 5.70443 0.77332 -0.309087 0.553572 10.8067 -0.62365 -0.528077 0.576364 3.17278
-0.012132 -0.769015 -0.639116 5.67925 0.719429 -0.450619 0.52855 10.8102 -0.69446 -0.453386 0.558718 3.16164
-0.0887962 -0.723012 -0.685106 5.65369 0.666787 -0.554114 0.49835 10.7883 -0.739939 -0.412568 0.531298 3.15606
-0.13402 -0.644119 -0.753093 5.61945 0.595939 -0.659565 0.458072 10.7896 -0.791767 -0.387407 0.472251 3.11844
-0.206066 -0.548134 -0.810608 5.5686 0.533705 -0.757285 0.376403 10.799 -0.820181 -0.355061 0.448593 3.09026
-0.255074 -0.460404 -0.850274 5.50765 0.450722 -0.834595 0.316702 10.8193 -0.855446 -0.302454 0.420398 3.05366
-0.29746 -0.336467 -0.89348 5.41948 0.386254 -0.898247 0.209669 10.8497 -0.873113 -0.282742 0.397154 3.00043
-0.338105 -0.236454 -0.91092 5.35653 0.25114 -0.955491 0.154808 10.8705 -0.906981 -0.176427 0.382439 2.96345
-0.370901 -0.142868 -0.917617 5.33264 0.133257 -0.986058 0.0996611 10.8589 -0.919062 -0.0853146 0.384768 2.95338
-0.418403 -0.0273822 -0.907849 5.29146 -0.00443928 -0.999472 0.0321916 10.8212 -0.908251 0.0174993 0.41806 2.93551
-0.422941 0.135325 -0.895995 5.26112 -0.126708 -0.987904 -0.0893952 10.7529 -0.897254 0.075721 0.434972 2.93443
-0.41646 0.242153 -0.876312 5.21363 -0.221442 -0.961866 -0.160555 10.6942 -0.881773 0.127187 0.454202 2.91168
-0.365694 0.338296 -0.867078 5.15697 -0.348851 -0.913512 -0.209283 10.6067 -0.862885 0.225948 0.45208 2.85727
-0.302266 0.450385 -0.840112 5.12423 -0.473632 -0.835807 -0.277668 10.5435 -0.827229 0.313974 0.465952 2.83618
-0.189207 0.578796 -0.793219 5.11811 -0.623514 -0.694872 -0.358307 10.4849 -0.758572 0.426789 0.492362 2.82259
-0.0702592 0.717588 -0.692915 5.1272 -0.712066 -0.522542 -0.468948 10.4322 -0.698589 0.460453 0.547683 2.81648
0.0262375 0.77573 -0.63052 5.11976 -0.778458 -0.379847 -0.49972 10.3732 -0.627149 0.503944 0.593906 2.81608
0.0999203 0.815727 -0.569741 5.08288 -0.827821 -0.249527 -0.502443 10.2712 -0.552022 0.521848 0.650343 2.80984
0.175233 0.845791 -0.503916 5.06754 -0.859232 -0.118493 -0.497674 10.1807 -0.480638 0.52019 0.705967 2.80636
0.277311 0.852634 -0.442848 5.11031 -0.867901 0.0245933 -0.496128 10.0993 -0.412124 0.52193 0.746822 2.85185
0.343879 0.844813 -0.409925 5.15656 -0.867528 0.11876 -0.483002 9.95172 -0.359364 0.521716 0.773738 2.88716
0.344774 0.834786 -0.429259 5.18451 -0.864059 0.103549 -0.492625 9.82127 -0.366788 0.54075 0.757005 2.89568
0.261737 0.846181 -0.464188 5.18097 -0.877901 0.00891578 -0.47876 9.66487 -0.400979 0.53282 0.745197 2.90288
0.252163 0.850774 -0.461082 5.18671 -0.868852 -0.0107235 -0.494956 9.45593 -0.42604 0.525422 0.736493 2.89712
0.277891 0.851936 -0.443827 5.19718 -0.85929 0.0139209 -0.5113 9.1318 -0.429416 0.523462 0.735928 2.90911
0.229617 0.844436 -0.483946 5.18275 -0.856114 -0.0612877 -0.51314 8.78532 -0.462974 0.532139 0.708861 2.90051
0.139413 0.84063 -0.523359 5.157 -0.838943 -0.180506 -0.513412 8.68077 -0.52606 0.510645 0.680076 2.89502
0.107575 0.804729 -0.583815 5.11048 -0.824583 -0.255839 -0.504588 8.51169 -0.555419 0.535685 0.636044 2.86361
0.0703828 0.807418 -0.585766 5.00588 -0.822999 -0.284817 -0.491479 8.17701 -0.563665 0.516677 0.644459 2.82158
0.0835921 0.811104 -0.578898 4.9554 -0.823888 -0.270533 -0.498017 7.8784 -0.560554 0.518577 0.645644 2.78803
-0.00400441 0.797496 -0.603311 4.90643 -0.787665 -0.374216 -0.489435 7.73032 -0.616091 0.473247 0.629658 2.77519
-0.0290959 0.752356 -0.658114 4.86775 -0.731289 -0.464871 -0.49911 7.65435 -0.681446 0.46675 0.563716 2.72339
-0.0694042 0.710123 -0.700648 4.76392 -0.74171 -0.506412 -0.439788 7.51157 -0.667121 0.489155 0.561852 2.67618
-0.165049 0.671359 -0.722521 4.65445 -0.665385 -0.616538 -0.420884 7.34058 -0.728026 0.411288 0.548471 2.60668
-0.253523 0.537872 -0.804002 4.52294 -0.571184 -0.754028 -0.324331 7.24052 -0.780689 0.377008 0.498387 2.54517
-0.316013 0.435659 -0.842815 4.43966 -0.461971 -0.846572 -0.264385 7.19803 -0.828685 0.305807 0.468789 2.50061
-0.356515 0.336534 -0.871575 4.35975 -0.349782 -0.913107 -0.209493 7.17214 -0.866343 0.230174 0.44325 2.42374
-0.369402 0.259585 -0.892277 4.19333 -0.293098 -0.943727 -0.15321 7.15288 -0.881836 0.204929 0.424698 2.31314
-0.388458 0.213053 -0.896498 3.94344 -0.247145 -0.961347 -0.121375 7.07754 -0.887705 0.174416 0.426097 2.15393
-0.375821 0.104991 -0.920726 3.84737 -0.128777 -0.989838 -0.0603083 7.0861 -0.917701 0.0959031 0.385522 2.09047
-0.411047 0.057778 -0.909781 3.66559 -0.0625301 -0.997426 -0.0350925 7.04914 -0.909467 0.0424641 0.413601 1.9808
-0.434261 -0.0203658 -0.900557 3.43644 -0.0081389 -0.999615 0.0265307 7.05036 -0.90075 0.0188508 0.433928 1.84601
-0.425333 -0.0776993 -0.901696 3.21983 0.0455108 -0.996884 0.0644341 7.13663 -0.903892 -0.013631 0.427543 1.69674
-0.42168 -0.0731712 -0.903788 2.93585 0.0395631 -0.997274 0.062281 7.12812 -0.905881 -0.00949401 0.423425 1.51078
-0.416484 -0.0801171 -0.905606 2.65771 0.0520098 -0.996578 0.0642461 7.13826 -0.907654 -0.020343 0.419226 1.32275
-0.417674 -0.0576633 -0.906765 2.36818 0.0307171 -0.99831 0.0493358 7.15741 -0.908077 -0.00724693 0.41874 1.13671
-0.424577 -0.0654218 -0.903025 2.03091 0.0386037 -0.997787 0.0541367 7.13659 -0.904568 -0.011875 0.426163 0.921926
-0.408322 -0.0598548 -0.910874 1.75167 0.0519869 -0.997753 0.0422594 7.1488 -0.911357 -0.0300981 0.410516 0.744251
-0.420953 -0.0523977 -0.905568 1.50483 0.0393835 -0.998445 0.0394642 7.16635 -0.906227 -0.0190519 0.422361 0.590394
-0.41235 -0.122709 -0.902724 1.33744 0.114448 -0.990015 0.082296 7.18927 -0.903808 -0.0693802 0.422276 0.500859
-0.382107 -0.221541 -0.89717 1.2717 0.204693 -0.967014 0.151608 7.22966 -0.901163 -0.125714 0.41485 0.43579
-0.383972 -0.284675 -0.878365 1.08503 0.264466 -0.945338 0.190771 7.33049 -0.88466 -0.159047 0.43827 0.315388
-0.319514 -0.407421 -0.855523 1.03318 0.395625 -0.87775 0.270251 7.39384 -0.861041 -0.252117 0.44164 0.269749
-0.287291 -0.485152 -0.825888 0.992347 0.488036 -0.816064 0.309614 7.46876 -0.824187 -0.314113 0.47122 0.232259
-0.257837 -0.605509 -0.752914 0.984258 0.556012 -0.730287 0.396904 7.55987 -0.790172 -0.316292 0.524965 0.240207
-0.174206 -0.640278 -0.748128 0.967402 0.633094 -0.654737 0.41293 7.62261 -0.754218 -0.4017 0.519416 0.220684
-0.0476948 -0.733423 -0.678097 0.986349 0.744736 -0.478517 0.465177 7.68319 -0.665652 -0.482817 0.569029 0.215507
0.0100931 -0.786177 -0.617919 0.982392 0.774399 -0.384801 0.50223 7.76181 -0.632617 -0.483585 0.604931 0.211496
0.0925694 -0.806018 -0.584608 0.94015 0.812212 -0.278503 0.51259 7.84094 -0.575972 -0.522276 0.628876 0.191984
0.188255 -0.820918 -0.539123 0.96783 0.816751 -0.173991 0.550132 7.86501 -0.545416 -0.543894 0.637731 0.204424
0.340133 -0.825597 -0.450222 1.02111 0.816965 0.022329 0.576254 7.91205 -0.465701 -0.563819 0.682079 0.212943
0.418279 -0.821201 -0.388165 1.03867 0.819383 0.156714 0.551409 7.97047 -0.391986 -0.548699 0.738428 0.240329
0.487553 -0.821519 -0.295633 1.07223 0.800257 0.285089 0.527553 7.99344 -0.349113 -0.493793 0.796422 0.282016
0.60014 -0.757569 -0.256752 1.12074 0.758551 0.437147 0.483222 8.05636 -0.253836 -0.48476 0.837004 0.314116
0.729216 -0.660692 -0.178131 1.17363 0.660191 0.610817 0.437093 8.06757 -0.179978 -0.436336 0.8816 0.346579
0.807813 -0.568118 -0.157098 1.24708 0.577631 0.70992 0.402934 8.07897 -0.117387 -0.416241 0.901645 0.396583
0.853949 -0.509722 -0.104666 1.31875 0.512251 0.788103 0.34131 8.11168 -0.0914858 -0.345077 0.934105 0.433996
0.935087 -0.35063 -0.0516847 1.38503 0.351101 0.896523 0.270139 8.13205 -0.0483823 -0.27075 0.961433 0.44952
0.954104 -0.295811 -0.0467058 1.44034 0.299474 0.941886 0.152205 8.12048 -0.00103226 -0.159206 0.987245 0.502208
0.976607 -0.203165 -0.0704475 1.5254 0.21266 0.961063 0.176448 8.14857 0.0318565 -0.187301 0.981786 0.567489
0.985842 -0.155634 -0.0623956 1.71905 0.163386 0.975266 0.148868 8.18574 0.0376834 -0.156955 0.986887 0.687423
0.994293 -0.102307 -0.0302328 1.90544 0.104548 0.990851 0.0853415 8.19598 0.0212251 -0.0880152 0.995893 0.792048
0.999239 -0.0390003 -0.000949879 2.04075 0.0389846 0.997335 0.0616749 8.22423 -0.00145799 -0.061665 0.998096 0.88471
0.998513 0.0525834 -0.0143591 2.22916 -0.0522918 0.998432 0.0199801 8.21726 0.0153872 -0.0191995 0.999697 1.00291
0.995782 0.0917509 -3.77214e-05 2.58956 -0.0917463 0.995728 -0.0104079 8.17971 -0.000917372 0.0103674 0.999946 1.21865
0.999585 0.0281559 -0.00610501 2.86555 -0.0278724 0.998712 0.0423938 8.15667 0.00729078 -0.042206 0.999082 1.39756
0.999887 0.0138108 -0.00601749 3.14539 -0.0134987 0.9987 0.0491449 8.17378 0.0066884 -0.0490581 0.998774 1.56567
0.999411 -0.0331444 -0.00884404 3.30007 0.0335034 0.998465 0.0441091 8.20871 0.0073685 -0.0443794 0.998988 1.64831
0.993206 -0.0676085 -0.0947125 3.32753 0.0732231 0.995679 0.0571119 8.19943 0.090442 -0.0636591 0.993865 1.65884
0.992979 0.0270106 -0.115169 3.36577 -0.0263569 0.999627 0.00719547 8.17764 0.115321 -0.00410944 0.99332 1.69092
0.980835 0.149765 -0.124635 3.47205 -0.152202 0.988297 -0.0102082 8.15945 0.121648 0.0289823 0.99215 1.78473
0.975809 0.212649 -0.0507593 3.60535 -0.21548 0.974727 -0.0589508 8.10342 0.0369406 0.0684624 0.99697 1.85269
0.969409 0.238677 -0.0572662 3.72677 -0.243638 0.963998 -0.106526 8.07079 0.0297791 0.11722 0.992659 1.94796
0.993967 0.106166 -0.0275487 3.81414 -0.106603 0.99419 -0.0149192 8.05439 0.0258047 0.0177659 0.999509 1.99775
0.999898 -0.0097676 -0.010424 3.82823 0.0102048 0.999034 0.042743 8.08903 0.00999641 -0.042845 0.999032 1.98637
0.996052 -0.0887683 -0.000278321 3.74349 0.088528 0.993116 0.076708 8.09452 -0.00653284 -0.0764298 0.997054 1.95747
0.997414 -0.0711798 0.0099188 3.64992 0.0703381 0.995167 0.0685176 8.08317 -0.0147479 -0.0676428 0.997601 1.88125
0.991765 -0.122526 0.0372803 3.63787 0.114609 0.978993 0.168634 8.07157 -0.0571592 -0.162972 0.984974 1.86946
0.972354 -0.233428 0.00627626 3.73327 0.227651 0.95359 0.197083 8.07332 -0.0519895 -0.190205 0.980367 1.93792
0.943337 -0.328862 -0.0443337 3.80203 0.327612 0.901727 0.282063 8.11172 -0.0527829 -0.280605 0.958371 1.98656
0.907558 -0.409881 -0.0913039 3.86841 0.413186 0.832825 0.368346 8.1733 -0.0749377 -0.372021 0.925194 2.02651
0.833771 -0.540733 -0.111508 3.94427 0.533519 0.73712 0.414742 8.25083 -0.14207 -0.405292 0.903081 2.04888
0.736567 -0.655855 -0.165295 3.98108 0.643462 0.604192 0.470009 8.32826 -0.208388 -0.452554 0.867046 2.04945
0.658658 -0.725433 -0.199791 3.99461 0.702033 0.496919 0.510119 8.38601 -0.270777 -0.476254 0.836578 2.06578
0.601627 -0.747747 -0.280927 3.99022 0.742013 0.392957 0.543141 8.42103 -0.29574 -0.535219 0.791251 2.06967
0.456282 -0.810097 -0.368171 3.99706 0.79495 0.185191 0.577719 8.48518 -0.399826 -0.556281 0.728485 2.06622
0.337645 -0.832237 -0.439747 3.98829 0.80578 0.0140789 0.592047 8.51637 -0.486532 -0.554241 0.675354 2.05716
0.219584 -0.825073 -0.520613 3.97387 0.802752 -0.150451 0.577021 8.54365 -0.554411 -0.544628 0.629292 2.05706
0.0920653 -0.787484 -0.609421 3.94063 0.756975 -0.342271 0.556633 8.57545 -0.646926 -0.512562 0.564594 2.0548
0.0109117 -0.704959 -0.709164 3.88796 0.680348 -0.514509 0.521926 8.58893 -0.732808 -0.488174 0.474003 2.00838
-0.118809 -0.623772 -0.772524 3.85782 0.610983 -0.659222 0.438321 8.59379 -0.782677 -0.419922 0.459436 1.99447
-0.229209 -0.502722 -0.833507 3.79943 0.501501 -0.794895 0.341524 8.58018 -0.834242 -0.339724 0.434313 1.96301
-0.284089 -0.387402 -0.877048 3.77542 0.373827 -0.8871 0.270753 8.56592 -0.882919 -0.250946 0.396837 1.94276
-0.338354 -0.282862 -0.8975 3.75934 0.248222 -0.946802 0.204822 8.54218 -0.907691 -0.153477 0.390567 1.91243
-0.372896 -0.186138 -0.909011 3.7658 0.174744 -0.97623 0.128219 8.51728 -0.91127 -0.111032 0.396559 1.91407
-0.395625 -0.111562 -0.911611 3.74643 0.0447626 -0.993757 0.102189 8.48976 -0.917321 -0.00037751 0.398149 1.91588
-0.402429 0.00903902 -0.915407 3.71891 -0.0771749 -0.996727 0.0240855 8.44943 -0.912192 0.0803391 0.401809 1.91014
-0.411344 0.1079 -0.905071 3.6107 -0.164573 -0.985441 -0.0426849 8.44229 -0.8965 0.131392 0.423113 1.84568
-0.393311 0.21236 -0.894544 3.39429 -0.215467 -0.967154 -0.134862 8.34954 -0.893801 0.139702 0.426149 1.70187
-0.419286 0.153089 -0.894854 3.13385 -0.148288 -0.983991 -0.098858 8.28579 -0.895662 0.0912465 0.435275 1.54994
-0.428994 0.125349 -0.894568 2.91735 -0.12276 -0.989227 -0.0797426 8.20369 -0.894927 0.0756083 0.439761 1.39541
-0.421889 0.118445 -0.898877 2.67514 -0.139867 -0.988064 -0.0645505 8.16867 -0.895794 0.0984898 0.43342 1.24961
-0.432776 0.0679703 -0.898936 2.47361 -0.0701872 -0.996667 -0.0415697 8.13137 -0.898765 0.0451034 0.436104 1.1328
-0.423321 0.055512 -0.904278 2.29045 -0.0809138 -0.996449 -0.0232919 8.1033 -0.902359 0.0633086 0.426309 1.01416
-0.454038 0.0565045 -0.889189 2.12391 -0.0830074 -0.996329 -0.0209276 8.12802 -0.887107 0.0643073 0.457062 0.920673
-0.45873 -0.0210799 -0.888326 1.95845 0.00664735 -0.999772 0.0202918 8.10667 -0.888551 0.00340344 0.458765 0.811107
-0.430751 -0.107169 -0.896085 1.7739 0.0978167 -0.992619 0.0716932 8.10437 -0.897154 -0.0567702 0.438055 0.698163
-0.418259 -0.181722 -0.889965 1.56934 0.166008 -0.978574 0.121796 8.14987 -0.893029 -0.0967988 0.439464 0.574806
-0.391224 -0.33095 -0.858729 1.43694 0.296591 -0.928657 0.222777 8.22714 -0.871193 -0.167536 0.461469 0.496544
-0.357691 -0.411793 -0.838143 1.35974 0.397752 -0.879221 0.262228 8.30645 -0.844897 -0.239577 0.478281 0.455435
-0.337045 -0.489762 -0.804073 1.26268 0.466043 -0.82886 0.309507 8.4191 -0.818049 -0.270415 0.507613 0.369332
-0.24551 -0.55242 -0.796591 1.14248 0.522091 -0.767731 0.371497 8.54878 -0.81679 -0.324687 0.476899 0.283338
-0.237356 -0.634425 -0.735641 1.10346 0.590901 -0.695362 0.409033 8.62782 -0.771037 -0.337604 0.539931 0.297889
-0.14834 -0.687538 -0.710835 1.08342 0.65397 -0.607386 0.451006 8.71159 -0.741835 -0.397962 0.539729 0.276764
-0.0497442 -0.735157 -0.676069 1.05375 0.720566 -0.495145 0.485402 8.8177 -0.691599 -0.463007 0.55436 0.235899
0.0374892 -0.788881 -0.613402 1.02528 0.777357 -0.362701 0.51397 8.93868 -0.627942 -0.4961 0.599644 0.210659
0.115115 -0.824027 -0.554732 1.02036 0.808834 -0.246433 0.533909 9.02558 -0.57666 -0.510147 0.638133 0.200951
0.234007 -0.834169 -0.499403 1.02081 0.823539 -0.102945 0.557841 9.18112 -0.516745 -0.541816 0.66288 0.190131
0.306043 -0.845998 -0.436606 1.05976 0.8298 0.0122466 0.557926 9.30179 -0.466657 -0.533045 0.705758 0.209904
0.399975 -0.832172 -0.384071 1.09362 0.81973 0.137371 0.556032 9.39123 -0.409954 -0.537233 0.737101 0.237808
0.475103 -0.819752 -0.319819 1.1616 0.802277 0.254262 0.540094 9.62347 -0.361426 -0.513184 0.778469 0.247562
0.565367 -0.774737 -0.283096 1.20112 0.760929 0.357416 0.541517 9.79583 -0.31835 -0.521572 0.791591 0.240987
0.606282 -0.755107 -0.24947 1.22711 0.741448 0.423308 0.520639 9.93471 -0.287536 -0.500623 0.816517 0.267843
0.688405 -0.700433 -0.188394 1.31072 0.675953 0.525336 0.516826 10.0478 -0.263031 -0.483131 0.835104 0.309166
0.730715 -0.660288 -0.173423 1.40169 0.652418 0.600616 0.462181 10.1803 -0.201012 -0.450866 0.869663 0.367131
0.787112 -0.60849 -0.100969 1.52247 0.58044 0.675329 0.454995 10.2406 -0.208672 -0.416739 0.884751 0.463401
0.866815 -0.493094 -0.0740915 1.66291 0.481258 0.788452 0.383058 10.3216 -0.130466 -0.367698 0.920748 0.562153
0.906741 -0.418142 -0.0545627 1.7309 0.411406 0.848802 0.332085 10.3681 -0.092546 -0.323563 0.94167 0.611631
0.931459 -0.36255 -0.0306918 1.81852 0.356694 0.893251 0.273627 10.4427 -0.0717879 -0.26582 0.961346 0.674675
0.970461 -0.239908 -0.0254876 1.94224 0.240196 0.950876 0.195296 10.4852 -0.0226176 -0.195649 0.980413 0.759044
0.986815 -0.157567 0.0369994 2.05496 0.150301 0.976932 0.151703 10.4834 -0.0600493 -0.144142 0.987733 0.810085
0.99923 -0.0194198 0.0340897 2.26535 0.0173017 0.997965 0.0613664 10.4651 -0.0352121 -0.0607293 0.997533 0.931582
0.994424 0.104542 0.0138682 2.38549 -0.104641 0.994488 0.00664781 10.4208 -0.0130968 -0.00806192 0.999882 1.01406
0.996275 0.0801464 -0.0318229 2.56194 -0.0818174 0.995116 -0.0552354 10.3703 0.0272405 0.0576333 0.997966 1.1403
0.995798 0.0801068 -0.0443795 2.71393 -0.0822086 0.995471 -0.0477505 10.3522 0.0403534 0.0511982 0.997873 1.25456
0.992831 0.104707 -0.0576404 2.84023 -0.107142 0.993402 -0.0409061 10.3367 0.0529769 0.0467885 0.997499 1.29409
0.996851 0.0362712 -0.0705176 2.8058 -0.0371959 0.999238 -0.0118436 10.3297 0.0700342 0.0144292 0.99744 1.31055
0.997571 0.00672803 -0.0693282 3.01755 -0.00520497 0.999742 0.0221261 10.3433 0.0694591 -0.0217116 0.997349 1.41166
0.993969 -0.0995541 -0.0459806 3.1149 0.10366 0.989793 0.097799 10.3971 0.035775 -0.101976 0.994143 1.4571
0.973655 -0.21762 -0.068104 3.16859 0.224865 0.965898 0.128365 10.4254 0.0378467 -0.140297 0.989386 1.50166
0.935792 -0.33581 -0.10735 3.203 0.352013 0.906814 0.231895 10.4806 0.0194739 -0.254794 0.966799 1.51619
0.885341 -0.444371 -0.136769 3.20722 0.463855 0.824092 0.325133 10.5607 -0.0317697 -0.351294 0.935726 1.51215
0.822196 -0.547849 -0.154448 3.19156 0.561739 0.737173 0.375533 10.6221 -0.0918807 -0.395522 0.913849 1.49673
0.745262 -0.637556 -0.195212 3.13134 0.65097 0.632356 0.419957 10.6547 -0.144302 -0.440055 0.8863 1.46089
0.651809 -0.723237 -0.228194 3.06804 0.713662 0.483149 0.507201 10.6945 -0.256575 -0.493452 0.831068 1.41925
0.576666 -0.760599 -0.298237 3.01138 0.747326 0.343604 0.568719 10.7363 -0.330091 -0.550841 0.76656 1.36689
0.454702 -0.794121 -0.403259 2.94823 0.77563 0.130522 0.617545 10.7643 -0.437771 -0.593579 0.675293 1.32811
0.307872 -0.814368 -0.491955 2.92328 0.800509 -0.0577299 0.596534 10.7863 -0.514199 -0.577471 0.634135 1.29291
0.225369 -0.802094 -0.55304 2.93562 0.768842 -0.202233 0.606617 10.8193 -0.598407 -0.561913 0.571106 1.29667
0.107871 -0.79284 -0.599807 2.92649 0.739947 -0.338908 0.58105 10.8213 -0.663959 -0.506504 0.550102 1.30238
0.0198662 -0.776484 -0.629824 2.94559 0.695748 -0.441662 0.566453 10.8112 -0.718011 -0.449452 0.531463 1.31584
-0.0781146 -0.698029 -0.711796 2.97103 0.648405 -0.577908 0.495573 10.7955 -0.757277 -0.422821 0.497749 1.32809
-0.162517 -0.553514 -0.816829 2.96021 0.565534 -0.73062 0.382577 10.7717 -0.808554 -0.39977 0.431769 1.34335
-0.267295 -0.458537 -0.847524 2.95825 0.437581 -0.841371 0.317203 10.7644 -0.858532 -0.286073 0.425541 1.3422
-0.319187 -0.37607 -0.86988 2.98232 0.326916 -0.905244 0.271402 10.7675 -0.88952 -0.19775 0.411886 1.35615
-0.370225 -0.215942 -0.903495 2.9842 0.209511 -0.966957 0.145258 10.755 -0.905007 -0.135514 0.403234 1.35585
-0.382557 -0.134235 -0.914129 2.93689 0.121611 -0.988097 0.0942039 10.7303 -0.915894 -0.0751299 0.394328 1.30588
-0.455592 -0.0877287 -0.885855 2.87391 0.0299682 -0.996079 0.083232 10.7499 -0.889684 0.0113723 0.456435 1.26909
-0.420407 -0.0762188 -0.904129 2.76932 0.0643115 -0.996462 0.0540987 10.7175 -0.905054 -0.0354024 0.423821 1.18583
-0.419713 -0.0373327 -0.906889 2.7071 -0.0089665 -0.998934 0.0452715 10.7037 -0.907612 0.0271327 0.418931 1.14613
-0.426456 0.0231949 -0.904211 2.51687 -0.0552933 -0.99847 0.000465322 10.6834 -0.902817 0.0501952 0.427086 1.04267
-0.458824 0.0407162 -0.887594 2.39079 -0.0617547 -0.997995 -0.0138577 10.6923 -0.886378 0.0484549 0.460419 1.00578
-0.467177 0.0618289 -0.882 2.25246 -0.089378 -0.995744 -0.0224609 10.6756 -0.879635 0.0683382 0.470715 0.957034
-0.439609 0.0682416 -0.895593 2.17763 -0.0857219 -0.995746 -0.0337956 10.6183 -0.894089 0.0619151 0.443589 0.892092
-0.429051 0.139008 -0.89252 2.08516 -0.162581 -0.983835 -0.0750745 10.5644 -0.888528 0.112896 0.444716 0.806095
-0.414687 0.262824 -0.871182 1.99493 -0.282371 -0.947287 -0.151374 10.5014 -0.865044 0.183223 0.467041 0.765405
-0.374404 0.369231 -0.850582 1.83817 -0.37321 -0.899727 -0.226287 10.4197 -0.848844 0.232723 0.474662 0.688125
-0.317576 0.471111 -0.822922 1.79413 -0.468425 -0.832505 -0.295827 10.3604 -0.824454 0.29153 0.485064 0.666847
-0.267228 0.547134 -0.793243 1.71134 -0.54301 -0.765539 -0.345095 10.269 -0.796071 0.338519 0.501672 0.604128
-0.220229 0.594248 -0.773543 1.48906 -0.612403 -0.701481 -0.364536 10.0625 -0.759251 0.393438 0.518406 0.45467
-0.182408 0.664653 -0.724544 1.37007 -0.665128 -0.626119 -0.406914 9.88259 -0.724108 0.40769 0.556289 0.380204
-0.0580021 0.748108 -0.661037 1.35715 -0.765997 -0.457989 -0.451103 9.76594 -0.640222 0.480188 0.599613 0.362385
0.0389635 0.799894 -0.598876 1.37204 -0.817241 -0.319354 -0.479718 9.66821 -0.574977 0.508117 0.641263 0.385105
0.112134 0.8212 -0.559514 1.36917 -0.855372 -0.206798 -0.474946 9.57786 -0.505732 0.53185 0.679243 0.388383
0.196453 0.845227 -0.496988 1.39649 -0.862606 -0.0919987 -0.49744 9.47025 -0.466172 0.526429 0.711025 0.411165
0.259445 0.847038 -0.463913 1.44396 -0.860126 -0.0157783 -0.509837 9.14145 -0.439171 0.531298 0.724466 0.447888
0.276544 0.866827 -0.414891 1.46075 -0.861481 0.0322859 -0.506762 8.84643 -0.42588 0.497562 0.755684 0.511993
0.202193 0.860026 -0.468479 1.43114 -0.847231 -0.0863398 -0.524161 8.76238 -0.491241 0.502892 0.711184 0.498443
0.137353 0.821506 -0.55341 1.38637 -0.851526 -0.18748 -0.489648 8.557 -0.506002 0.538497 0.673783 0.467734
0.0889961 0.821068 -0.563851 1.30658 -0.841977 -0.240417 -0.482985 8.21646 -0.532123 0.517733 0.669923 0.429124
0.096047 0.81144 -0.57649 1.2643 -0.826533 -0.257701 -0.500433 7.80088 -0.554633 0.524553 0.64593 0.36725
0.108952 0.812742 -0.572346 1.14127 -0.828016 -0.24438 -0.504646 7.47103 -0.550017 0.528894 0.646337 0.311428
0.132692 0.813237 -0.566603 0.968664 -0.837847 -0.213379 -0.502475 7.07767 -0.529533 0.541401 0.653054 0.242206
0.166239 0.831221 -0.530506 0.936783 -0.845721 -0.156465 -0.510171 6.74379 -0.507071 0.53347 0.67697 0.241514
0.247785 0.842062 -0.479097 0.965402 -0.85005 -0.0482742 -0.524485 6.58439 -0.464777 0.537216 0.703833 0.263133
0.32265 0.844627 -0.427203 0.982978 -0.86023 0.0733904 -0.504597 6.46278 -0.394844 0.530301 0.750253 0.280745
0.429741 0.838634 -0.334687 1.02723 -0.836788 0.230612 -0.496592 6.29794 -0.339276 0.493468 0.800863 0.327529
0.547835 0.788527 -0.279467 1.1044 -0.792573 0.382269 -0.475078 6.17757 -0.26778 0.481762 0.834386 0.37978
0.64756 0.73433 -0.20353 1.17165 -0.7325 0.52625 -0.431861 6.10034 -0.210021 0.428742 0.878676 0.422754
0.646983 0.741981 -0.175722 1.30593 -0.737575 0.550538 -0.391012 5.92513 -0.193382 0.382586 0.903455 0.522973
0.565182 0.783091 -0.259494 1.36801 -0.797823 0.438819 -0.413421 5.7712 -0.209876 0.440688 0.872781 0.593882
0.519729 0.802011 -0.29438 1.40899 -0.809124 0.35148 -0.470936 5.68471 -0.274228 0.482949 0.831601 0.611771
0.470592 0.825348 -0.312 1.46226 -0.822371 0.282121 -0.494079 5.3535 -0.319765 0.489089 0.811506 0.664687
0.423783 0.823541 -0.377078 1.45554 -0.84154 0.204024 -0.500184 5.16286 -0.33499 0.529296 0.779505 0.669302
0.347905 0.841056 -0.414231 1.4523 -0.857902 0.107403 -0.502462 4.91507 -0.378109 0.530179 0.75891 0.672745
0.344083 0.836187 -0.427082 1.50532 -0.860662 0.0990629 -0.499446 4.57131 -0.375322 0.539424 0.75376 0.745119
0.330059 0.84372 -0.423317 1.58058 -0.856195 0.0787495 -0.510616 4.05962 -0.397481 0.530975 0.748381 0.794671
0.305547 0.83864 -0.450914 1.56324 -0.863105 0.0439528 -0.503108 3.52662 -0.402107 0.54291 0.737264 0.821565
0.286976 0.84527 -0.450737 1.55907 -0.847552 0.00476169 -0.530691 3.1164 -0.446431 0.534319 0.717776 0.83052
0.20567 0.84327 -0.496584 1.53585 -0.847905 -0.0998096 -0.520668 2.9833 -0.488628 0.528142 0.694485 0.821254
0.15601 0.821199 -0.548902 1.48716 -0.842557 -0.179391 -0.507856 2.83002 -0.515518 0.541712 0.66392 0.796214
0.119427 0.812573 -0.570494 1.40943 -0.840865 -0.222743 -0.493286 2.53563 -0.527904 0.53862 0.656663 0.773196
0.121513 0.808874 -0.575289 1.32453 -0.852271 -0.212065 -0.478187 2.2151 -0.508792 0.548408 0.663611 0.722969
0.0387477 0.798497 -0.60075 1.25846 -0.820097 -0.318078 -0.475675 1.95879 -0.570911 0.511105 0.642521 0.686936
0.0544312 0.787123 -0.61439 1.13537 -0.811084 -0.324025 -0.48698 1.54335 -0.582391 0.524829 0.620786 0.624332
0.00173824 0.771806 -0.635856 1.05495 -0.766336 -0.407471 -0.496686 1.30573 -0.642438 0.488143 0.590754 0.572466
-0.0259982 0.767195 -0.640887 0.973421 -0.765349 -0.427703 -0.480948 1.01196 -0.64309 0.477999 0.598291 0.53285
-0.064833 0.7266 -0.683995 0.888211 -0.752115 -0.486062 -0.445048 0.87491 -0.655836 0.485589 0.577999 0.474565
-0.0864314 0.721132 -0.687385 0.806635 -0.771443 -0.485035 -0.411846 0.756155 -0.630401 0.494682 0.598234 0.437693
-0.0685066 0.728682 -0.681417 0.677225 -0.7711 -0.472058 -0.427278 0.48154 -0.633018 0.496169 0.594226 0.365772
-0.109079 0.717046 -0.688438 0.6504 -0.735999 -0.523769 -0.428919 0.293846 -0.668137 0.459904 0.584877 0.345527
-0.16152 0.672201 -0.722536 0.619406 -0.71628 -0.583494 -0.382724 0.180899 -0.678863 0.45572 0.57573 0.327933
-0.117104 0.677722 -0.725934 0.5403 -0.696085 -0.577373 -0.426739 -0.076257 -0.708345 0.455339 0.539365 0.268286
-0.211499 0.594305 -0.775931 0.484911 -0.643998 -0.681924 -0.346765 -0.138042 -0.73521 0.426358 0.526958 0.248454
-0.315806 0.492841 -0.810786 0.434467 -0.502514 -0.811709 -0.297671 -0.236901 -0.804827 0.313425 0.504002 0.217456
-0.303558 0.388284 -0.870108 0.414243 -0.41491 -0.875938 -0.246135 -0.260784 -0.857731 0.2863 0.427001 0.186869
-0.356942 0.321835 -0.876935 0.348225 -0.342963 -0.918364 -0.197442 -0.296401 -0.868889 0.23028 0.438181 0.163733
-0.374242 0.331532 -0.866042 0.197078 -0.3699 -0.909764 -0.188425 -0.264735 -0.850363 0.249833 0.463106 0.0585205
-0.346484 0.426007 -0.835743 0.132345 -0.461796 -0.852957 -0.243329 -0.318478 -0.816513 0.301633 0.492265 0.0331883
-0.28171 0.520475 -0.806068 0.107976 -0.556727 -0.772883 -0.304479 -0.376505 -0.78147 0.362985 0.507491 0.012922
-0.19609 0.60967 -0.768017 0.103734 -0.652197 -0.665957 -0.362133 -0.441986 -0.732248 0.429888 0.528213 -0.0112352
-0.114722 0.693341 -0.711419 0.0944185 -0.719267 -0.551938 -0.421924 -0.500425 -0.685196 0.463296 0.562017 -0.00222781
0.0013634 0.742646 -0.669683 0.10018 -0.786915 -0.412439 -0.458976 -0.538137 -0.61706 0.52761 0.583837 0.00908329
0.110599 0.7933 -0.598701 0.129046 -0.826569 -0.261072 -0.498623 -0.574469 -0.551862 0.550015 0.626843 0.0292386
0.22508 0.842231 -0.489883 0.187456 -0.833885 -0.0935408 -0.543954 -0.589941 -0.503959 0.53094 0.681269 0.0543249
0.354686 0.870867 -0.340277 0.244239 -0.822639 0.117699 -0.556248 -0.582778 -0.444368 0.477219 0.758155 0.0723794
0.439682 0.845556 -0.302845 0.260894 -0.817589 0.237226 -0.524663 -0.564488 -0.371789 0.478288 0.795622 0.0934376
0.547144 0.785722 -0.288573 0.280835 -0.789615 0.370106 -0.489418 -0.468835 -0.277744 0.495644 0.822919 0.107433
0.657891 0.717529 -0.228761 0.307523 -0.721751 0.51396 -0.463596 -0.361414 -0.21507 0.470104 0.856007 0.127117
0.717989 0.678045 -0.157311 0.330222 -0.669236 0.610335 -0.423808 -0.325075 -0.191348 0.409568 0.891986 0.143575
0.77551 0.624049 -0.0956408 0.36111 -0.607386 0.696153 -0.382692 -0.293117 -0.172238 0.354872 0.918912 0.150606
0.836593 0.5456 -0.049328 0.398446 -0.535085 0.79451 -0.287121 -0.214009 -0.117462 0.266598 0.956623 0.17642
0.895673 0.442173 -0.0474769 0.419838 -0.440697 0.868193 -0.228094 -0.106361 -0.0596378 0.22522 0.972481 0.195693
0.94775 0.317938 -0.0261958 0.44334 -0.317629 0.932798 -0.170293 -0.0133619 -0.0297072 0.169715 0.985045 0.204837
0.968536 0.248348 0.0161764 0.484783 -0.246489 0.9662 -0.0755007 0.0546692 -0.0343802 0.0691378 0.997015 0.212492
0.99322 0.10871 0.0411776 0.506418 -0.109239 0.993957 0.0108133 0.126137 -0.0397533 -0.0152382 0.999093 0.220647
0.999338 0.00894736 0.0352667 0.515373 -0.0123202 0.995246 0.0966118 0.161202 -0.0342346 -0.0969823 0.994697 0.224827
0.992855 -0.112899 0.0386437 0.520583 0.109804 0.991155 0.074535 0.00250509 -0.0467168 -0.0697592 0.996469 0.23053
