1780120665.28476
1780120667.4838684
1780120667.8838964
1780120668.283973
1780120668.5839124
1780120668.884068
1780120669.4847987
1780120669.6838605
1780120669.8847203
1780120670.0846238
1780120670.5823636
1780120671.2841296
1780120671.8839486
1780120672.2846594
1780120672.5839276
1780120672.7845013
1780120673.1839466
1780120673.484298
1780120673.6841924
1780120673.9840333
1780120674.1840651
1780120674.5840733
1780120674.884021
1780120675.2838862
1780120675.5844176
1780120675.784523
1780120676.0843816
1780120676.4841542
1780120676.7841268
1780120677.1839271
1780120677.4840686
1780120678.384439
1780120679.2842174
1780120679.7839098
1780120680.4846985
1780120681.2844563
1780120681.7827871
1780120682.0843124
1780120682.284225
1780120682.4841416
1780120682.7837029
1780120683.184041
1780120683.583997
1780120683.8840439
1780120684.0844586
1780120684.2844229
1780120684.4843001
1780120684.7842755
1780120685.184114
1780120685.5839767
1780120685.8839326
1780120686.0840435
1780120686.2837062
1780120686.4839084
1780120686.7847006
1780120687.0845962
1780120687.2845616
1780120687.5844421
1780120687.8844206
1780120688.2842782
1780120688.6841049
1780120688.9840653
1780120689.5838966
1780120689.883981
1780120690.2838764
1780120690.4840219
1780120690.5844607
1780120690.7844357
1780120690.9844174
1780120691.1842031
1780120691.3839746
1780120691.5841923
1780120691.7840512
1780120691.98401
1780120692.1839876
1780120692.3839903
1780120692.6839018
1780120693.1847882
1780120693.6846251
1780120694.0846519
1780120694.7843692
1780120695.0843272
1780120695.4841955
1780120695.9849043
1780120696.5839045
1780120697.5840802
1780120698.2839942
1780120698.8839612
1780120699.3840222
1780120699.9839554
1780120700.2847245
1780120700.8845539
1780120701.284457
1780120701.5839887
1780120701.7839775
1780120701.9841049
1780120702.1842253
1780120702.3840065
1780120702.5841336
1780120702.7838981
1780120702.9839077
1780120703.1840277
1780120703.3839879
1780120703.4839509
1780120703.6840053
1780120703.8840866
1780120704.0839553
1780120704.4840343
1780120705.0839241
1780120705.585161
1780120705.8840666
1780120706.4849465
1780120706.8838871
1780120707.2848313
1780120707.9845641
1780120708.7844193
1780120709.2842779
1780120709.8842378
1780120710.1839745
1780120710.7840178
1780120711.0840116
1780120711.5838747
1780120711.8846014
1780120712.2839959
1780120712.5837216
1780120712.7839348
1780120713.0838668
1780120713.4838946
1780120713.6839757
1780120713.8841639
1780120714.0841553
1780120714.4840059
1780120714.8838971
1780120715.2847757
1780120715.4846928
1780120715.6847751
1780120715.8847494
1780120716.0845535
1780120716.2846098
1780120716.5844481
1780120716.9844782
1780120717.4843924
1780120717.6842625
1780120717.9841428
1780120718.3841577
1780120718.984031
1780120719.6840568
1780120720.0838723
1780120720.8839993
1780120721.6839185
1780120722.5841987
1780120723.3838928
1780120723.684818
1780120724.0848982
1780120724.8846586
1780120725.1845338
1780120725.48457
1780120725.7845151
1780120726.2843995
1780120726.584224
1780120726.7843783
1780120726.98419
1780120727.1841655
1780120727.3842661
1780120727.4840214
1780120727.6839955
1780120727.8841062
1780120728.4840364
1780120728.8838475
1780120729.1838841
1780120729.5841212
1780120730.1840806
1780120730.8842876
1780120731.6842086
1780120732.083534
1780120732.4840031
1780120732.7837214
1780120733.2839491
1780120733.5839939
1780120733.7838266
1780120733.9839308
1780120734.1839166
1780120734.4848263
1780120734.7846518
1780120734.9847081
1780120735.2847078
1780120735.4845448
1780120735.6846149
1780120735.8846431
1780120735.9844944
1780120736.0845902
1780120736.1843903
1780120736.2843499
1780120736.4845033
1780120736.7842772
1780120737.2842102
1780120737.7841842
1780120737.9841065
1780120738.1840265
1780120738.4840593
1780120738.7839761
1780120739.083967
1780120739.4838302
1780120740.1840479
1780120740.7839639
1780120741.5842073
1780120741.8841507
1780120742.2850463
1780120742.583833
1780120742.9849539
1780120743.2849729
1780120743.6849685
1780120743.8848276
1780120744.0848367
1780120744.2848549
1780120744.5846488
1780120744.9847198
1780120745.2846847
1780120745.6845882
1780120745.8845077
1780120746.1844239
1780120746.6843762
1780120747.0843029
1780120747.3841636
1780120747.5840747
1780120747.9840586
1780120748.28404
1780120748.5839291
1780120748.8839145
1780120749.0840402
1780120749.5839684
1780120750.3841114
1780120750.7839708
1780120751.3839102
1780120752.0844393
1780120752.5841875
1780120752.9825041
1780120753.484103
1780120754.0840445
1780120754.3839302
1780120754.5839615
1780120754.7839556
1780120754.9848974
1780120755.1839657
1780120755.3847308
1780120755.584882
1780120755.7846911
1780120756.0847552
1780120756.3846498
1780120756.6845183
1780120756.984509
1780120757.1844323
1780120757.4845364
1780120757.684427
1780120757.9844182
1780120758.2843022
1780120758.4844072
1780120758.6842132
1780120758.8843431
1780120759.1841085
1780120759.4842324
1780120759.8841448
1780120760.783994
1780120761.5839546
1780120762.4843152
1780120763.083333
1780120763.5839074
1780120764.283905
1780120765.0841413
1780120765.8850312
1780120766.6839063
1780120767.084053
1780120767.3839028
1780120767.6847496
1780120767.8847067
1780120768.1847188
1780120768.4846997
1780120768.6847429
1780120768.8845875
1780120769.0845971
1780120769.4845054
1780120769.8845947
1780120770.084558
1780120770.3843737
1780120770.8843639
1780120771.2843163
1780120771.584326
1780120771.7841887
1780120772.2839987
1780120772.7839959
1780120773.1840041
1780120773.3839307
1780120773.5838914
1780120773.8840685
1780120774.1840894
1780120774.4840176
1780120774.984019
1780120775.2839146
1780120775.7840574
1780120776.3839417
1780120777.18401
1780120777.9841733
1780120778.684164
1780120779.285028
1780120779.8839934
1780120780.4839275
1780120780.9848819
1780120781.4836419
1780120781.9846282
1780120782.584636
1780120783.1834598
1780120783.4820077
1780120784.0844381
1780120784.5844171
1780120784.7843168
1780120785.0842974
1780120785.2843201
1780120785.3842797
1780120785.5842888
1780120785.7841787
1780120785.984072
1780120786.1840212
1780120786.4839966
1780120786.7840049
1780120786.9836905
1780120787.1838872
1780120787.4840956
1780120787.7839518
1780120787.9840643
1780120788.1838751
1780120788.4840715
1780120788.9839087
1780120789.5839627
1780120789.9840136
1780120790.5839059
1780120791.0839643
1780120791.5839505
1780120792.0843434
1780120792.8842256
1780120793.4819286
1780120794.18396
1780120795.0838702
1780120795.6839178
1780120796.1849022
1780120797.0847511
1780120797.6847951
1780120798.4845812
1780120798.8845141
1780120799.1845136
1780120799.4845753
1780120799.684423
1780120799.8844957
1780120800.1843593
1780120800.4842873
1780120800.7842371
1780120801.0842612
1780120801.5841794
1780120802.2841687
1780120802.883997
1780120803.1838837
1780120803.5820596
1780120803.7839429
1780120803.9839132
1780120804.1824465
1780120804.4840114
1780120804.6838782
1780120804.8839712
1780120805.0839028
1780120805.5839012
1780120805.8838882
1780120806.3839452
1780120806.9839783
1780120807.4839261
1780120808.1840496
1780120809.084168
1780120809.8839278
1780120810.184051
1780120810.7849338
1780120811.2838809
1780120811.784873
1780120812.0847754
1780120812.4847038
1780120812.784637
1780120812.9846509
1780120813.3846273
1780120813.5844965
1780120813.8842564
1780120814.1833074
1780120814.384402
1780120814.4843779
1780120814.5843723
1780120814.6843805
1780120814.8844862
1780120815.0839436
1780120815.2843125
1780120815.4844031
1780120815.6842582
1780120816.0841639
1780120816.5841377
1780120816.984077
1780120817.3840101
1780120817.7839596
1780120818.0840089
1780120818.2840803
1780120818.5840905
1780120818.7840807
1780120818.9838896
1780120819.1840281
1780120819.3840735
1780120819.6839716
1780120819.9839211
1780120820.283884
1780120820.4839854
1780120820.6839294
1780120820.8839903
1780120821.0840147
1780120821.5840003
1780120821.6839671
1780120821.8838844
1780120822.083931
1780120822.1840153
1780120822.2840135
1780120822.3840549
1780120822.4838827
1780120822.6843486
1780120822.7839799
1780120822.98402
1780120823.3843834
1780120824.1842265
1780120824.4838996
1780120824.7840731
1780120825.1839309
1780120825.7845931
1780120826.0841625
1780120826.5841007
1780120826.7847102
1780120826.983849
1780120827.1838758
1780120827.4846983
1780120827.6842306
1780120827.9836936
1780120828.4839733
1780120829.3838713
1780120830.5845835
1780120830.9848018
1780120831.3840103
1780120831.584995
1780120831.883981
1780120832.1843901
1780120832.5839922
1780120832.8843756
1780120833.4843643
1780120833.9842799
1780120834.4839494
1780120834.8845074
1780120835.1836259
1780120835.3844032
1780120835.5849001
1780120835.8845773
1780120836.0839231
1780120836.1843462
1780120836.3839993
1780120836.5839577
1780120836.7838628
1780120837.0842135
1780120837.2829492
1780120837.4839723
1780120837.6832068
1780120837.8843527
1780120838.1840222
1780120838.484076
1780120838.7845085
1780120839.1847262
1780120839.5847099
1780120840.0842459
1780120840.6840529
1780120841.3839636
1780120842.0843511
1780120842.2839379
1780120842.6843796
1780120843.483983
1780120844.1838784
1780120844.4840579
1780120844.6847441
1780120845.0840433
1780120845.4834287
1780120845.7827437
1780120845.9842734
1780120846.1839919
1780120846.5840247
1780120847.2845674
1780120847.5840397
1780120848.1848955
1780120848.8840804
1780120849.4836011
1780120850.3840368
1780120851.084384
1780120851.7842789
1780120852.5843008
1780120853.3838305
1780120853.9847565
1780120854.3843062
1780120854.5841975
1780120855.0839458
1780120855.28422
1780120855.4838786
1780120855.6837611
1780120855.8848336
1780120856.084547
1780120856.3843114
1780120856.784008
1780120856.8840153
1780120857.0817888
1780120857.2839093
1780120857.4838789
1780120857.8839989
1780120858.0849469
1780120858.2846696
1780120858.6844988
1780120859.0839212
1780120859.3840675
1780120859.7839136
1780120860.2848043
1780120860.7841356
1780120861.3844399
1780120861.9846709
1780120862.8840144
1780120863.6839108
1780120864.584316
1780120865.384306
1780120866.384438
1780120866.8839107
1780120867.6843643
1780120868.1838551
1780120868.8834009
1780120869.3847792
1780120869.5830762
1780120870.1839705
1780120871.9850538
1780120872.6842928
1780120873.1840625
1780120873.4844553
1780120873.6843829
1780120873.8840549
1780120874.0838704
1780120874.2849114
1780120874.3845112
1780120874.584403
1780120874.784302
1780120874.9843495
1780120875.184427
1780120875.3843813
1780120875.584661
1780120875.7840254
1780120875.9838841
1780120876.1838813
1780120876.48471
1780120876.883924
1780120877.5844874
1780120877.8843465
1780120878.3838799
1780120878.8840168
1780120879.5839641
1780120880.184278
1780120880.7838585
1780120881.5850728
1780120882.2841129
1780120882.7842703
1780120883.2841322
1780120883.8840578
1780120884.2839744
1780120884.5839159
1780120885.0840364
1780120885.6841559
1780120885.9831398
1780120886.2825415
1780120886.5838959
1780120886.8842173
1780120887.0851181
1780120887.3848188
1780120887.6844354
1780120887.8841829
1780120888.3840353
1780120888.7849207
1780120889.1844964
1780120889.5841641
1780120889.9840045
1780120890.2842464
1780120890.5849447
1780120890.784869
1780120891.084528
1780120891.3841262
1780120891.5838947
1780120891.9838581
1780120892.2842002
1780120892.9846923
1780120893.7840581
1780120894.6842437
1780120895.5845318
1780120896.2839794
1780120896.6839764
1780120896.9839957
1780120897.4851372
1780120897.7850089
1780120898.1848457
1780120898.5845778
1780120898.7842085
1780120898.9821928
1780120899.2841339
1780120899.4838908
1780120899.784014
1780120899.9838805
1780120900.1840036
1780120900.3832672
1780120900.5839703
1780120900.7838969
1780120900.984545
1780120901.1846492
1780120901.6843104
1780120902.3839371
1780120902.9840267
1780120903.3843296
1780120904.0838804
1780120904.5847547
1780120905.2844229
1780120905.8839266
1780120906.3839073
1780120906.6845324
1780120907.0833864
1780120907.2833769
1780120907.5838161
1780120908.2845702
1780120908.8842385
1780120909.2841506
1780120909.5839839
1780120909.8839903
1780120910.184041
1780120910.8840959
1780120911.4848506
1780120911.6848965
1780120912.0846508
1780120912.7843654
1780120913.5840344
1780120914.2839041
1780120915.0839515
1780120915.7848613
1780120916.0835192
1780120916.284698
1780120916.5843298
1780120916.784256
1780120916.9842341
1780120917.3839819
1780120917.6839383
1780120917.8837724
1780120918.4839702
1780120918.7841897
1780120919.2840424
1780120920.0844662
1780120920.8842173
1780120921.58389
1780120922.1839283
1780120922.3839257
1780120922.6841793
1780120923.4838924
1780120924.3843234
1780120924.984144
1780120925.8839254
1780120926.384362
1780120927.0839455
1780120927.6839449
1780120928.1835475
1780120928.8842902
1780120929.383939
1780120930.3839073
1780120931.3848476
1780120931.684835
1780120932.1844621
1780120932.3842041
1780120932.9841299
1780120933.8838944
1780120934.1839917
1780120934.3839738
1780120934.5839763
1780120934.7841828
1780120934.9842138
1780120935.1840057
1780120935.38393
1780120935.5850389
1780120935.7849081
1780120936.0848756
1780120936.3845632
1780120936.4844177
1780120936.5844543
1780120936.7844574
1780120937.084305
1780120937.3841479
1780120937.5839589
1780120937.7840004
1780120938.08373
1780120938.9839053
