# timestamp x y z qx qy qz qw
1780120665.284759998 0.009358310 0.002143360 -0.005625833 0.000180938 -0.005258485 -0.000423828 0.999986068
1780120666.384441614 0.015327344 0.001554201 -0.021859850 -0.003300675 -0.035887268 -0.000117406 0.999350387
1780120667.483868361 0.088754865 0.004396356 -0.045075970 -0.004534290 -0.015479170 -0.012791099 0.999788089
1780120668.483973265 0.528267708 0.064945518 -0.055559239 -0.014003269 0.014301738 0.061091945 0.997931432
1780120669.383528233 0.907800599 0.228276163 -0.077843629 -0.003643758 0.017348185 0.154697793 0.987802792
1780120669.583968401 0.979785565 0.319777493 -0.090903746 0.002666945 0.027096825 0.244809914 0.969188710
1780120669.784712076 1.032361493 0.429036177 -0.099664904 -0.005879895 0.013060647 0.342742556 0.939320173
1780120669.984746695 1.070452317 0.552797682 -0.112819526 -0.009405262 0.019532537 0.429729710 0.902697290
1780120670.681534767 1.227430303 0.888904587 -0.146764971 -0.002709933 0.027917523 0.510784377 0.859251179
1780120671.684082270 1.443929118 1.357945380 -0.169381480 0.003097015 0.026893022 0.502214212 0.864319420
1780120672.383959055 1.682165864 1.661600261 -0.187790211 -0.006767722 0.031025755 0.409656154 0.911687137
1780120672.684550762 1.798714499 1.755416422 -0.198623741 -0.013322166 0.022867051 0.329006283 0.943956823
1780120673.083928347 1.981822859 1.819533441 -0.197565328 0.020537175 0.019567012 0.249251556 0.968023253
1780120673.484297991 2.184047289 1.879882942 -0.209686785 0.000216837 0.017438949 0.157346937 0.987389375
1780120673.784051418 2.308646238 1.892640713 -0.220727540 0.006472995 0.009385583 0.069599255 0.997509877
1780120674.084011316 2.432217432 1.853868376 -0.223374394 -0.006074593 0.012021936 -0.043398017 0.998967059
1780120674.584073305 2.628600630 1.792228985 -0.241495251 -0.006244054 0.007744845 -0.132916524 0.991077306
1780120675.084754467 2.802678576 1.694899695 -0.247448872 -0.008227980 0.013391079 -0.229867998 0.973094899
1780120675.584417582 2.974992484 1.527194599 -0.244877601 -0.014624703 0.000126134 -0.335297409 0.941998806
1780120675.884432793 3.054945157 1.401208899 -0.263964091 -0.008112522 0.023219623 -0.424371274 0.905154162
1780120676.484154224 3.150447442 1.172667367 -0.254063502 -0.009431156 0.008057890 -0.514391291 0.857465873
1780120677.084018469 3.221447499 0.919604174 -0.244774438 -0.011374519 0.000993955 -0.599280226 0.800457896
1780120677.584026814 3.221760948 0.711927975 -0.245329673 -0.010474270 -0.010685912 -0.673025500 0.739467902
1780120678.584045172 3.251387434 0.273425470 -0.250451817 -0.009187528 -0.010029588 -0.687822525 0.725751452
1780120679.584110737 3.219273203 -0.192824287 -0.241798614 -0.009704833 0.000403703 -0.725847282 0.687787305
1780120680.684701204 3.181656464 -0.703924406 -0.229097981 -0.011314719 -0.014036131 -0.731949498 0.681120325
1780120681.782787085 3.122382860 -1.234646468 -0.213824448 -0.004522977 -0.000477550 -0.760612469 0.649190255
1780120682.284224987 3.033024584 -1.479466989 -0.187395890 -0.014814608 -0.005562401 -0.827265476 0.561588301
1780120682.583692789 2.913655998 -1.592002960 -0.190876349 0.014761543 0.016031853 0.879554990 -0.475297902
1780120683.083944559 2.712139945 -1.783168749 -0.148595870 0.021700713 0.021434418 0.918148530 -0.395060656
1780120683.784082651 2.417032693 -2.014871645 -0.135286591 0.010111221 0.012229555 0.953372690 -0.301378028
1780120684.084458590 2.258520237 -2.043744793 -0.118782892 0.021671883 0.038482084 0.975804608 -0.214137397
1780120684.384396553 2.105340093 -2.025999588 -0.106837227 0.012796757 0.033434090 0.994463277 -0.098798759
1780120684.684329987 1.982003366 -2.011367277 -0.111536486 0.022590446 0.023866046 0.999383236 -0.012378697
1780120685.784045935 1.568400153 -2.009697077 -0.128673799 0.010546489 0.028701576 0.997642344 -0.061438950
1780120686.084043503 1.493818005 -2.094614752 -0.124568981 0.010391026 0.030392978 0.985311616 -0.167717959
1780120686.384860516 1.443307880 -2.167614301 -0.127600465 0.007755349 0.011443508 0.962270261 -0.271744082
1780120686.684749365 1.454637326 -2.217000010 -0.127060790 0.000359781 0.013505820 0.929317123 -0.369035430
1780120687.184653282 1.453139379 -2.281339133 -0.107979152 -0.003571768 0.015880862 0.878504221 -0.477457196
1780120687.584442139 1.463525109 -2.422043533 -0.105617984 -0.019929289 -0.000173416 -0.829395760 0.558305890
1780120688.684104919 1.344472410 -2.826967206 -0.078450135 -0.017648385 -0.022126062 -0.810546806 0.584989612
1780120689.384002447 1.364145553 -3.072298774 -0.070627146 -0.027169352 0.005970131 -0.759621384 0.649770373
1780120689.783988953 1.409977712 -3.145195296 -0.045143120 -0.031061675 -0.003441630 -0.699328057 0.714117355
1780120690.283876419 1.509656809 -3.302798546 -0.049627871 -0.018860383 -0.001073331 -0.620482668 0.783992597
1780120690.584460735 1.591107584 -3.434983326 -0.060875274 -0.016462435 -0.013681159 -0.513481089 0.857833891
1780120690.784435749 1.665568091 -3.488892919 -0.057915050 -0.017896842 -0.001188655 -0.423258519 0.905831395
1780120691.082713604 1.776885211 -3.517837982 -0.064471982 -0.021326343 0.001203111 -0.305466291 0.951963279
1780120691.383974552 1.887305200 -3.522674981 -0.088535262 -0.015624851 0.025007205 -0.212894960 0.976630042
1780120691.584192276 1.964813821 -3.524103372 -0.094409768 -0.007922512 0.028351884 -0.113511117 0.993100514
1780120691.784051180 2.032757335 -3.492945853 -0.107377844 -0.014777181 0.028100651 -0.023438921 0.999220999
1780120692.084060669 2.123735310 -3.430571771 -0.099825431 0.000652117 0.040842287 0.089949026 0.995108363
1780120692.283965349 2.144236716 -3.377518643 -0.098824520 -0.007606743 0.038787174 0.179447215 0.982973240
1780120692.584015846 2.152801550 -3.296558399 -0.109157719 0.003417688 0.041403964 0.267457390 0.962673660
1780120693.384729624 2.292794618 -3.132481112 -0.115944086 -0.001965893 0.025993541 0.363866174 0.931086397
1780120694.484407187 2.440337143 -2.888709270 -0.133270693 0.009463992 0.023129096 0.432764304 0.901160660
1780120694.984909534 2.485017524 -2.727273533 -0.134805006 -0.005640733 0.024916083 0.508110402 0.860912998
1780120696.084074020 2.570170773 -2.380908084 -0.158945844 0.010083348 0.020949920 0.564109735 0.825372421
1780120697.084075689 2.689460301 -2.015205755 -0.170403238 -0.000243004 0.023605862 0.571816638 0.820041728
1780120698.084225178 2.817973440 -1.585815739 -0.192136109 -0.012195513 0.022727225 0.581176996 0.813368331
1780120698.983971357 3.001976437 -1.222639793 -0.219516472 0.011364634 0.024379271 0.509426859 0.860093467
1780120699.983955383 3.246668172 -0.841483326 -0.234250229 -0.010999136 0.015328799 0.424807903 0.905086898
1780120700.983971119 3.579253538 -0.511468368 -0.268483061 -0.017342496 0.032738208 0.367556894 0.929262814
1780120701.583988667 3.809166772 -0.373712641 -0.256172205 -0.010278737 0.015844480 0.264476731 0.964207114
1780120701.884248734 3.915026212 -0.338526587 -0.266952924 -0.011358018 0.010347966 0.170115367 0.985304357
1780120702.184225321 4.015155111 -0.342526652 -0.245247240 -0.008655318 0.010545954 0.070840736 0.997394334
1780120702.484155655 4.123362702 -0.354639273 -0.242224174 -0.019330741 0.003835056 -0.035001840 0.999192917
1780120702.783898115 4.200878645 -0.406786920 -0.260240188 -0.019852674 0.015231659 -0.176854985 0.983918788
1780120702.983907700 4.234194941 -0.459874708 -0.249260152 -0.008290883 -0.009766703 -0.280488809 0.959771796
1780120703.184027672 4.255651705 -0.527238982 -0.253162690 -0.002650240 0.000358976 -0.383005504 0.923742189
1780120703.383987904 4.269117851 -0.585747656 -0.265527501 -0.008832584 0.004933893 -0.463714519 0.885926909
1780120703.583918333 4.237487313 -0.668597611 -0.247176829 0.005535790 -0.017754823 -0.560975208 0.827623669
1780120703.884086609 4.203349531 -0.788698270 -0.241732052 -0.000350012 -0.012961523 -0.667564831 0.744438763
1780120704.183987379 4.152670134 -0.858552163 -0.251750626 -0.012586178 -0.008420318 -0.732114392 0.681013365
1780120705.184079647 4.134384636 -1.164863222 -0.242900160 -0.022337394 -0.030188084 -0.723074748 0.689748236
1780120705.984030962 4.035555071 -1.451944903 -0.238066631 -0.022824437 -0.019131133 -0.783395855 0.620809133
1780120707.083806038 4.035678948 -1.809153059 -0.222433972 -0.019739784 -0.008284508 -0.726025315 0.687334670
1780120708.084640503 4.049541713 -2.216861761 -0.210505069 -0.019107479 -0.011531913 -0.686901547 0.726407725
1780120709.184257746 4.100779004 -2.658218848 -0.195194508 -0.023716058 0.002192916 -0.651652722 0.758143436
1780120710.084052563 4.224073223 -3.008441814 -0.184425346 -0.021915475 0.005364736 -0.569060371 0.821986147
1780120711.183978796 4.414130514 -3.446116860 -0.177199130 -0.015275723 -0.003724285 -0.611920292 0.790763136
1780120711.884601355 4.543785882 -3.654003174 -0.163350741 -0.023906226 0.002095601 -0.523010723 0.851988195
1780120712.384063482 4.669618094 -3.717288436 -0.168059262 -0.019402752 0.004278846 -0.440213024 0.897673503
1780120712.684086084 4.760825830 -3.772103469 -0.173582665 -0.019381659 0.013867998 -0.352958698 0.935335334
1780120713.083866835 4.884762004 -3.779156209 -0.180247254 -0.018279736 0.015795444 -0.251489875 0.967558369
1780120713.584195852 4.991673456 -3.767189923 -0.193086570 -0.010212580 0.012352929 -0.155544802 0.987698802
1780120713.884163857 5.011193192 -3.707586495 -0.200163037 -0.018791890 0.039968714 -0.065448076 0.996878085
1780120714.183987856 5.018985129 -3.649769676 -0.204549938 -0.021266583 0.047927589 0.025187870 0.998306691
1780120714.784085751 5.026404255 -3.594345098 -0.206808724 0.006607203 0.042464088 0.107440762 0.993282250
1780120715.384776592 5.147876115 -3.463454680 -0.232329508 -0.033320524 0.037082232 0.190167809 0.980485010
1780120715.584819555 5.171653345 -3.393737942 -0.226418343 -0.014064311 0.046210660 0.282165934 0.958148817
1780120715.784747839 5.187362297 -3.334325584 -0.232635294 -0.013772288 0.054490619 0.363954904 0.929719272
1780120715.984676123 5.155327232 -3.273922552 -0.223955919 -0.011292023 0.046931313 0.447523528 0.892968439
1780120716.284609795 5.119634781 -3.210565491 -0.214408014 -0.007283772 0.041993143 0.549621468 0.834325934
1780120716.584448099 5.087330749 -3.171015435 -0.226652213 -0.016246391 0.046983910 0.624245202 0.779645108
1780120717.384352684 5.068499417 -3.087459259 -0.222111229 0.000267481 0.053432957 0.701860984 0.710306981
1780120717.684262514 5.005389273 -3.031377457 -0.210569760 -0.009047062 0.033121646 0.760472290 0.648462029
1780120718.084176779 4.932473539 -2.933459534 -0.206849751 0.009418775 0.033098204 0.813495007 0.580552899
1780120719.083955288 4.761107645 -2.708320869 -0.212193630 0.032901074 0.016516221 0.858931454 0.510765593
1780120720.183894157 4.594427464 -2.348169917 -0.226111962 0.011095425 0.025216502 0.823837369 0.566156347
1780120721.183905602 4.465164852 -2.014408921 -0.217105344 0.021644374 0.030601527 0.822516452 0.567504849
1780120722.183907986 4.291194658 -1.638223726 -0.234427862 0.019897213 0.022467868 0.827265439 0.561009081
1780120723.184946060 4.092604543 -1.268387108 -0.232590236 0.004913630 0.016306206 0.841937841 0.539305697
1780120723.983989239 4.016313886 -0.939228504 -0.229748452 0.019182826 0.010524222 0.786752917 0.616880141
1780120724.984637260 3.888191977 -0.570450908 -0.246263942 0.003819094 0.010970608 0.769074629 0.639053422
1780120725.384594440 3.912107547 -0.410751906 -0.232473716 0.012844569 0.015062745 0.700956305 0.712929442
1780120725.784515142 3.981622094 -0.246856806 -0.242656685 0.005752665 0.021494659 0.630842509 0.775591784
1780120726.384416342 4.084911923 -0.021023257 -0.255940156 -0.000084109 0.018590650 0.560938031 0.827649024
1780120726.784378290 4.182692665 0.062705271 -0.249026146 0.008530460 0.018288327 0.480648240 0.876681264
1780120727.084190607 4.260001167 0.114604370 -0.257376416 0.008643147 0.017981413 0.373570495 0.927387217
1780120727.284179211 4.318315943 0.140313720 -0.269697910 -0.011251312 0.020403558 0.272989559 0.961734789
1780120727.484021425 4.373935446 0.118184612 -0.252383251 -0.010730597 0.021138646 0.175307728 0.984228232
1780120727.683995485 4.428066042 0.097430763 -0.236815318 -0.029443354 0.017077094 0.089732114 0.995384152
1780120728.783859730 4.766732084 0.117520580 -0.282672357 -0.010434495 0.029542813 -0.007441949 0.999481346
1780120729.183884144 4.930135974 0.043118799 -0.271569981 0.026891264 0.006095644 -0.073694089 0.996899636
1780120729.983976364 5.224114836 -0.042416004 -0.279829887 -0.001572151 -0.004284713 -0.143024747 0.989708589
1780120730.984285593 5.643922752 -0.155353083 -0.291701307 -0.001988001 0.005664064 -0.189181765 0.981923737
1780120732.083534002 6.043184793 -0.338451502 -0.285672209 -0.001466363 0.003082472 -0.153806952 0.988095021
1780120732.585065365 6.210121550 -0.340733667 -0.286305373 -0.009417272 0.012021078 -0.062542765 0.997925454
1780120733.283949137 6.415163637 -0.266463687 -0.321498356 -0.002512205 0.010034805 0.041974286 0.999065138
1780120733.583993912 6.486645648 -0.202731762 -0.335142054 0.000254696 0.010667129 0.132619041 0.991109650
1780120733.885003328 6.494557533 -0.112001206 -0.351466680 -0.013406566 0.021122598 0.249439149 0.968067255
1780120734.183916569 6.478562588 -0.060213288 -0.341988095 -0.005978236 0.026766021 0.345054978 0.938181700
1780120734.583866358 6.463142334 -0.088101231 -0.338369585 0.008796456 0.026165163 0.433120439 0.900913254
1780120734.984708071 6.411983280 -0.080990157 -0.360467454 -0.001667804 0.051405931 0.519419829 0.852969923
1780120735.384521723 6.384941745 -0.043539177 -0.348871692 0.000737056 0.035708717 0.595235506 0.802757147
1780120735.684614897 6.341131370 0.000653462 -0.328519311 0.002034597 0.032354802 0.682735542 0.729946030
1780120735.984494448 6.239615488 0.046515634 -0.325033940 0.003109585 0.033115977 0.780617201 0.624123744
1780120736.184390306 6.131584666 0.037214004 -0.336817972 -0.006473280 0.024904147 0.860951894 0.508035153
1780120736.384360075 6.021813132 0.006951640 -0.352401834 -0.008776815 0.025105198 0.920493471 0.389851852
1780120736.684324265 5.916972376 0.019331894 -0.348138508 0.012277557 0.020477514 0.954045699 0.298708448
1780120737.784184217 5.660079253 0.122215881 -0.330970837 0.023875880 0.022072701 0.978569987 0.203331056
1780120737.984106541 5.600269110 0.085174423 -0.332931275 0.009970362 0.010058258 0.993679483 0.111357566
1780120738.283991337 5.538659387 0.042669925 -0.326300223 0.016834288 0.016731274 0.999630093 0.013279619
1780120738.783976078 5.437341016 -0.006338891 -0.311770279 0.026492605 0.015531786 0.995117860 -0.093794187
1780120739.783976555 5.051977991 -0.086842077 -0.305041054 0.022610935 0.008071847 0.998733336 -0.044218949
1780120740.883882761 4.557145798 -0.172791589 -0.290326174 0.011826430 0.000614873 0.998790596 -0.047719009
1780120741.884150743 3.922388145 -0.258769451 -0.262041184 0.005610090 0.004314319 0.999021848 0.043649294
1780120742.384021282 3.661969276 -0.128050828 -0.247620698 0.005458762 0.023506152 0.989354432 0.143511219
1780120742.984953880 3.351140774 0.080918915 -0.247066884 0.005061735 0.012507686 0.970346135 0.241342734
1780120743.584800482 3.097578806 0.273045046 -0.252799032 0.008498893 0.021829742 0.944067438 0.328919296
1780120743.884827614 3.017173279 0.415496049 -0.268043031 -0.000452745 0.017450134 0.899843666 0.435863126
1780120744.184754372 3.029684526 0.563956319 -0.255455686 0.023708664 0.034615984 0.846079030 0.531403715
1780120744.484863281 3.027886004 0.712187727 -0.266860068 0.013974655 0.029050899 0.795396160 0.605231941
1780120745.084660769 2.984448659 1.036821187 -0.271462482 -0.005589601 0.021516753 0.730807842 0.682221140
1780120745.784464598 3.023894940 1.413614292 -0.276076104 -0.003333731 0.019308801 0.645567424 0.763451869
1780120746.184423923 3.154257731 1.581687158 -0.269462896 0.032341256 0.031800938 0.573420817 0.818004468
1780120746.984234333 3.343117155 1.895269350 -0.269691546 0.008727382 0.012534213 0.505115134 0.862916814
1780120747.484157085 3.522449801 2.070832321 -0.279279090 0.009216531 0.023292778 0.401481505 0.915524496
1780120747.984058619 3.747932569 2.138455754 -0.281920500 0.005818921 0.023430145 0.312907956 0.949476582
1780120748.384067535 3.940009676 2.189894780 -0.270866959 0.011033534 0.014838368 0.232278582 0.972473519
1780120748.883914471 4.189715842 2.250736589 -0.294333180 0.009801809 0.015609935 0.107972677 0.993982975
1780120749.283950329 4.414427020 2.202375546 -0.293506495 0.008927037 0.012522122 0.019225629 0.999696894
1780120750.283991575 4.903279820 2.174202213 -0.326840748 0.005935741 0.014557989 -0.002381654 0.999873572
1780120751.284565210 5.383046573 2.068788933 -0.331243465 -0.005004491 0.010510267 -0.069165926 0.997537249
1780120752.384277344 5.869959037 2.064726691 -0.361512499 -0.004733757 0.013253440 -0.062076929 0.997972140
1780120753.082340240 6.151948959 2.099078821 -0.354473971 -0.009087769 0.018775280 0.025303358 0.999462176
1780120754.084044456 6.633340879 2.147294556 -0.391535097 0.001713253 0.023582942 0.095854538 0.995114474
1780120754.383930206 6.707452150 2.217047702 -0.389678901 0.005514803 0.026997238 0.179941524 0.983291302
1780120754.684906483 6.721912222 2.284674257 -0.402147496 0.009120105 0.039544520 0.272159092 0.961396112
1780120754.984897375 6.687357524 2.345362020 -0.423445717 -0.004465707 0.047690039 0.361570833 0.931113447
1780120755.284762383 6.627946729 2.409067197 -0.441109313 -0.027262458 0.047901483 0.459527794 0.886451585
1780120755.584882021 6.537702929 2.467922957 -0.461734876 -0.063904903 0.061759285 0.539876198 0.837039811
1780120755.984741688 6.499119599 2.497106086 -0.446555422 -0.053931507 0.060321055 0.630039828 0.772335794
1780120756.484616518 6.477908213 2.551698763 -0.437569656 -0.028609164 0.069334202 0.715024808 0.695063888
1780120756.984508991 6.435665488 2.720676630 -0.416478166 0.005156320 0.080310956 0.788139921 0.610212281
1780120757.284584761 6.336633939 2.881179950 -0.392774544 -0.008265088 0.017468170 0.843648175 0.536548515
1780120757.684427023 6.186490743 3.113837138 -0.377315716 0.008376313 0.022530374 0.896138986 0.443122035
1780120757.984418154 6.036949610 3.265120973 -0.371711421 0.016074163 0.017376988 0.938209468 0.345257377
1780120758.284302235 5.880158604 3.280857064 -0.376123279 0.016640347 0.025154014 0.969055592 0.244993129
1780120758.484407187 5.784396330 3.239776005 -0.384448177 0.010829000 0.019752610 0.989133191 0.145286261
1780120758.684213161 5.719553968 3.156560382 -0.382777088 0.012754124 0.013946218 0.998459929 0.052159415
1780120758.984099150 5.622266148 3.024831069 -0.370905482 0.019316268 0.006574797 0.998888016 -0.042501597
1780120759.484232426 5.465971842 2.921764340 -0.354687856 0.026022945 -0.007524027 0.989940591 -0.138866201
1780120760.583862066 5.073736806 2.701539193 -0.343163011 0.019706321 0.016648288 0.982679939 -0.183506492
1780120761.583954573 4.712116702 2.523125873 -0.317659090 0.025453851 0.007820665 0.981290910 -0.190680595
1780120762.583995104 4.393243217 2.401825906 -0.303325862 0.022968285 0.012760262 0.986890156 -0.159240238
1780120763.484388828 4.031789951 2.310620396 -0.287114550 0.016019650 0.006317433 0.997576880 -0.067407934
1780120764.584347963 3.499875710 2.215173353 -0.259960199 0.016854985 0.013937945 0.997763728 -0.063160009
1780120765.684186935 2.943818053 2.089971032 -0.234531199 0.010645411 0.009366188 0.997968645 -0.062109037
1780120766.783893108 2.357480869 1.928774727 -0.190862752 0.019228670 0.000630636 0.997636272 -0.065967644
1780120767.383902788 2.028810656 1.901889813 -0.187109778 0.026004488 0.017229801 0.998793003 0.037939914
1780120767.784750223 1.824348396 1.957765369 -0.183206559 0.019481956 0.010878771 0.990675479 0.134403127
1780120768.184718847 1.648495336 2.090268225 -0.165766308 0.016915776 0.019845923 0.970614800 0.239221458
1780120768.684742928 1.460607330 2.286750767 -0.172417739 0.013870399 0.024451658 0.930913853 0.364155360
1780120768.984700680 1.385219474 2.445716683 -0.184310491 -0.002241944 0.035082740 0.894313459 0.446057857
1780120769.484505415 1.273261965 2.687800325 -0.175618145 0.008497803 0.028739347 0.847944303 0.529237468
1780120769.984452724 1.233849599 2.904854689 -0.161939353 0.022532485 0.028408790 0.780440484 0.624177762
1780120770.384373665 1.261462592 3.090600228 -0.165314326 0.019088636 0.027315172 0.716331177 0.696964239
1780120771.084236622 1.322994840 3.400332918 -0.180509497 0.005229212 0.034956071 0.650166372 0.758969312
1780120771.684228897 1.421850102 3.701832661 -0.185507774 -0.001734142 0.027100906 0.578289776 0.815379340
1780120772.384183884 1.599433531 4.048526722 -0.193755717 0.004278522 0.028497638 0.502524405 0.864082636
1780120773.083262444 1.828926952 4.373189551 -0.215353316 0.000380006 0.030983967 0.411825505 0.910735748
1780120773.383930683 1.980699215 4.451660038 -0.217474155 0.015280287 0.026854221 0.317631984 0.947710550
1780120773.784061432 2.180311071 4.542720841 -0.218183130 0.010962472 0.021805193 0.214391330 0.976442889
1780120774.184089422 2.370448211 4.609791696 -0.225006439 0.003102974 0.022832436 0.117473057 0.992808709
1780120774.984019041 2.773517382 4.647844524 -0.257288245 -0.014894347 0.021218044 0.008077374 0.999631287
1780120776.084030390 3.361956637 4.570820781 -0.278099742 -0.001619209 0.020614012 -0.041175296 0.998937954
1780120777.184010029 3.821431482 4.617769744 -0.298473893 -0.006932883 0.017701472 -0.033889383 0.999244766
1780120778.185173273 4.283414778 4.628061134 -0.326465439 -0.015752460 0.021839648 -0.038226943 0.998906197
1780120779.285027981 4.957824288 4.592196513 -0.336143151 -0.009215258 0.032311420 -0.058867877 0.997700168
1780120780.384855509 5.528986757 4.547278016 -0.349136800 0.004826168 0.011975667 -0.086640867 0.996155937
1780120781.483641863 6.149952479 4.397668024 -0.341692739 0.000107119 0.013862452 -0.139689907 0.990098253
1780120782.484635830 6.601148288 4.288642474 -0.338164840 -0.013206787 0.012984630 -0.124029568 0.992105663
1780120783.382442713 6.669499515 4.308100899 -0.374296959 0.017503287 0.026291359 -0.040161631 0.998693868
1780120784.384293318 6.872946608 4.399002239 -0.399109036 -0.002648985 0.043257251 0.044883503 0.998051734
1780120784.784316778 7.028758762 4.460548623 -0.404941550 -0.025464153 0.044725210 0.146333757 0.987895574
1780120785.084297419 7.154234693 4.532416554 -0.416070706 -0.015390681 0.039100657 0.250800771 0.967126279
1780120785.284320116 7.158082604 4.562430467 -0.426412103 -0.006638519 0.036173421 0.366655197 0.929629701
1780120785.484035730 7.128586847 4.585603414 -0.428635354 -0.010880341 0.046016085 0.453469024 0.890016844
1780120785.684140682 7.085358741 4.593872306 -0.432607239 -0.006373900 0.038490813 0.535199731 0.843824080
1780120785.984071970 7.020597058 4.578025323 -0.452201868 -0.013602553 0.037205434 0.635186434 0.771342284
1780120786.283895016 6.971648555 4.573537812 -0.450649770 -0.010258496 0.042502404 0.706404289 0.706456856
1780120786.584009409 6.895339292 4.531477597 -0.439160957 0.000229754 0.034533853 0.787242474 0.615675765
1780120786.983690500 6.815613941 4.500127725 -0.442519920 -0.017437702 0.040729228 0.853397024 0.519375178
1780120787.283896208 6.747096798 4.454272278 -0.425184972 -0.008738323 0.018465016 0.904254777 0.426504377
1780120787.683913231 6.694941750 4.455437252 -0.421860282 -0.000908435 0.030641114 0.937872528 0.345623230
1780120787.984064341 6.632366272 4.428147412 -0.387447408 0.010288736 0.037987340 0.968018368 0.247773168
1780120788.284046650 6.559234409 4.388606767 -0.379507251 0.009911793 0.028045237 0.987783825 0.152965146
1780120789.384075880 6.241735195 4.379742986 -0.377359786 0.040474027 0.010390745 0.994778692 0.093108748
1780120790.483707428 5.840772750 4.402261402 -0.354036167 0.037507309 0.020162112 0.995957669 0.079088635
1780120791.483876467 5.322917807 4.437062241 -0.372084800 0.004469534 0.006249669 0.999843999 0.015904168
1780120792.484295845 4.902315509 4.395349385 -0.345498377 0.013128927 0.001540306 0.999910888 -0.001864088
1780120793.582503796 4.378341435 4.347832862 -0.335855891 0.013696356 0.019021281 0.999714313 0.004678952
1780120794.583865643 3.974960883 4.379756541 -0.316852224 0.014377075 0.003907645 0.999860821 0.007507888
1780120795.583983898 3.341515744 4.343469074 -0.307423881 0.004371412 0.013377391 0.999825968 0.012246209
1780120796.584760904 2.728874945 4.348026434 -0.272155699 0.013200405 0.015597136 0.998335824 0.053926450
1780120797.584769964 2.142330788 4.436618502 -0.265249153 0.004319799 0.017105195 0.998802686 0.045628349
1780120798.684518099 1.536653493 4.363362896 -0.243267631 0.011454172 0.005708131 0.993329963 0.114594081
1780120799.084659100 1.324593202 4.511507203 -0.196184297 0.016385334 0.023436935 0.975901829 0.216328109
1780120799.384427309 1.153887799 4.638214896 -0.219143421 0.013421922 0.021280760 0.945974908 0.323262206
1780120799.584511518 1.068190072 4.738591243 -0.211642072 0.016588986 0.036240846 0.911682111 0.408958598
1780120799.884495735 0.995273426 4.898725105 -0.222552988 0.004645050 0.031639603 0.850081953 0.525678640
1780120800.184359312 0.975282429 5.058586708 -0.211717554 0.022808480 0.046491927 0.787359559 0.614315228
1780120800.584406853 0.970398599 5.289004609 -0.223956268 0.001239962 0.035830265 0.721203174 0.691795228
1780120800.984364748 1.032291473 5.537435503 -0.221711018 -0.001174051 0.032333814 0.647162609 0.761665086
1780120802.084116936 1.184632987 6.224945247 -0.249854349 0.016497974 0.033618607 0.598138347 0.800517410
1780120802.883996964 1.382877060 6.649193378 -0.243808459 0.006007572 0.029645816 0.507615546 0.861052549
1780120803.383724689 1.544225275 6.866420531 -0.254722492 0.017122988 0.026100645 0.417433987 0.908170923
1780120803.681601048 1.661573206 6.965954234 -0.281597408 0.007565841 0.021833987 0.296851711 0.954643963
1780120803.983913183 1.838810675 6.957029242 -0.279944747 0.027217514 0.010646196 0.161279034 0.986476020
1780120804.284020185 2.021481321 6.921899910 -0.291022498 0.019452408 0.023726396 0.060995205 0.997666401
1780120804.783856392 2.313742442 6.874284214 -0.302474430 -0.004802389 0.023550372 -0.042155422 0.998821925
1780120805.283905745 2.555811573 6.767208272 -0.310709998 0.004224909 0.017109329 -0.145347782 0.989223657
1780120805.883888245 2.823007499 6.591992556 -0.285548032 0.006908469 0.000419879 -0.243038680 0.969991906
1780120806.883918762 3.278929072 6.274909721 -0.298493294 -0.003778285 0.005792262 -0.304712783 0.952419180
1780120807.983875275 3.786240083 6.035024071 -0.307945992 0.000699792 0.003492293 -0.231101825 0.972923050
1780120808.983917713 4.264618811 5.801069386 -0.295985575 -0.004510335 0.013930962 -0.222921370 0.974726448
1780120809.984986067 4.729557004 5.571976995 -0.290795027 0.002009237 0.000096089 -0.249441687 0.968387731
1780120811.084816456 5.176794561 5.229001968 -0.318916985 -0.011576638 0.016681688 -0.329053262 0.944093032
1780120811.884826660 5.434892500 5.072049507 -0.307456757 -0.023820574 0.017846299 -0.236785875 0.971105833
1780120812.484703779 5.596256408 5.043434791 -0.326115029 -0.014123619 0.000065565 -0.128426836 0.991618408
1780120812.784636974 5.653245018 5.079716631 -0.317587938 0.020825425 0.000009178 -0.019099411 0.999600677
1780120813.084577084 5.699336027 5.143082796 -0.324810148 -0.003424197 0.013409141 0.079451819 0.996742634
1780120813.683993340 5.745357145 5.226102989 -0.312642063 0.007390974 0.011169201 0.189981848 0.981696246
1780120814.084065437 5.719333303 5.278545341 -0.320671134 -0.008345434 0.026511647 0.300626794 0.953336781
1780120814.384402037 5.677526029 5.330073089 -0.316985488 -0.006217511 0.028529151 0.417843866 0.908049522
1780120814.584372282 5.592069830 5.381102487 -0.322661274 -0.016985699 0.034837654 0.565164393 0.824067371
1780120814.784432173 5.507234319 5.402062890 -0.338656787 -0.029257395 0.038626093 0.675965127 0.735338818
1780120814.984342575 5.443055012 5.399983814 -0.335372180 -0.026042113 0.033887135 0.754428864 0.654988976
1780120815.284312487 5.354633863 5.406137157 -0.336907556 -0.013651499 0.027026180 0.828400442 0.559317378
1780120815.484403133 5.262888173 5.393780166 -0.323009960 -0.005032340 0.013432636 0.878417463 0.477678763
1780120815.784243345 5.173858013 5.396330054 -0.302742711 -0.003514824 0.029198412 0.920636940 0.389310574
1780120816.784264088 4.974188175 5.464524402 -0.300260208 0.005735004 0.003858043 0.950780437 0.309788291
1780120817.684158802 4.761917299 5.638721624 -0.283287284 0.034639810 0.003904459 0.913529202 0.405276741
1780120818.084008932 4.695836278 5.761155283 -0.280298655 0.028346594 -0.010120895 0.874535809 0.484025987
1780120818.284080267 4.654029403 5.816739691 -0.292964238 0.016594444 -0.006235099 0.832477019 0.553775913
1780120818.683940887 4.608959199 5.939416646 -0.301413606 0.013313473 0.008806946 0.769462569 0.638492399
1780120818.983889580 4.592267183 6.045739933 -0.300845916 0.008066863 0.004435747 0.692661088 0.721204455
1780120819.283953190 4.608615254 6.138195688 -0.331773933 0.004144752 0.002882131 0.606663145 0.794942981
1780120819.683971643 4.663191532 6.257267755 -0.311084404 0.014514613 0.014073923 0.507665502 0.861317009
1780120819.983921051 4.699625220 6.339086522 -0.325592679 0.013442192 0.008048570 0.409552485 0.912152011
1780120820.383927584 4.780026238 6.417440455 -0.322773415 0.006222007 0.008532646 0.299734144 0.953964320
1780120820.583994389 4.798179596 6.476376299 -0.313563860 0.005860171 0.009062301 0.214982455 0.976558282
1780120820.883990288 4.876067574 6.499886320 -0.331833816 0.011379571 0.015512984 0.111338073 0.993596340
1780120821.284106970 4.959548129 6.472492678 -0.336256465 0.020186275 0.017743751 0.019952095 0.999439637
1780120821.683967113 5.042369599 6.562215769 -0.340953965 0.022138452 0.015710433 0.105878452 0.994008463
1780120821.883884430 5.026398303 6.647339981 -0.355503742 0.023274496 0.022851575 0.189590509 0.981321325
1780120822.083930969 4.960119037 6.757544205 -0.347715210 0.004425009 0.016079428 0.286864588 0.957825965
1780120822.284013510 4.875477002 6.870136261 -0.350651311 0.005889331 0.016474235 0.405287477 0.914021869
1780120822.483882666 4.757737081 6.976095304 -0.368412442 -0.020482809 0.024868054 0.555919048 0.830611850
1780120822.684348583 4.649334647 7.055144570 -0.351003977 -0.021439264 0.021197436 0.656074630 0.754093567
1780120822.883914232 4.567194609 7.122294471 -0.353771912 0.003211983 0.025922491 0.743447969 0.668283491
1780120823.284453630 4.478450724 7.141089915 -0.362007371 -0.016345215 0.015164569 0.801786895 0.597193976
1780120824.383804083 4.346910364 7.387925069 -0.351233241 0.010199342 -0.001796709 0.776703174 0.629781649
1780120825.183930874 4.317979519 7.698075969 -0.337665429 0.023818088 0.001800435 0.704407546 0.709393731
1780120826.084162474 4.257383341 8.217895177 -0.331744371 0.018558277 0.013345524 0.627956890 0.777912354
1780120826.684060335 4.277836212 8.492073360 -0.312249761 0.018937025 0.009265498 0.552299885 0.833378891
1780120826.983849049 4.330569658 8.604665110 -0.320803594 0.030991107 0.013303058 0.458379034 0.888116682
1780120827.384770393 4.454574277 8.676095973 -0.329479766 0.023688292 0.013634371 0.373380525 0.927275554
1780120827.784038067 4.591436483 8.753284618 -0.327574208 0.031487928 0.009702138 0.284244992 0.958185349
1780120828.284071922 4.796621463 8.847289965 -0.328918794 0.030937129 -0.002891002 0.188279931 0.981623759
1780120829.284267664 5.029880175 8.915524784 -0.346086246 0.025543796 -0.000960865 0.175329926 0.984177834
1780120830.383931875 5.052909957 8.919453818 -0.346595011 0.040962209 -0.024759354 0.192723078 0.980085143
1780120831.083956003 5.062082289 8.972946828 -0.355530259 0.038102825 -0.013146390 0.276276764 0.960232522
1780120831.484189510 5.055042686 9.027277476 -0.357363640 0.022104680 0.027202813 0.356474519 0.933647314
1780120831.883980989 5.025949652 9.049639018 -0.357812490 0.017216336 0.037248958 0.440345092 0.896890357
1780120832.284169674 4.965084757 9.056865720 -0.356235677 0.005184556 0.026122293 0.522511833 0.852216011
1780120832.784562349 4.940239810 9.076900212 -0.365776554 0.008468841 0.018658060 0.616856965 0.786808515
1780120833.584402323 4.943933544 9.116947005 -0.370522625 -0.006360409 0.017193822 0.696709420 0.717119169
1780120834.184528589 4.978992956 9.159198001 -0.369436575 0.008332241 0.026117550 0.764553326 0.643977219
1780120834.783997297 4.972548692 9.145761038 -0.342746777 0.019680953 0.033407036 0.830181963 0.556142552
1780120835.284100771 4.965677997 9.191458786 -0.349547883 -0.000244675 0.027975019 0.889931582 0.455235234
1780120835.584900141 4.920695860 9.261917397 -0.363362000 -0.006593990 0.012143637 0.932907706 0.359850334
1780120835.982711315 4.810159727 9.343495184 -0.378849510 -0.010546852 -0.013461262 0.964970400 0.261800850
1780120836.184346199 4.783559927 9.350017300 -0.358769890 -0.003007665 0.009259904 0.991226665 0.131813910
1780120836.383999348 4.786346942 9.333404033 -0.353741950 0.011962263 0.019281204 0.999253000 0.031282282
1780120836.583957672 4.777195809 9.302263721 -0.336084819 0.011411300 0.000420782 0.997759293 -0.065924181
1780120836.984857798 4.686108783 9.246335572 -0.342533049 0.011776991 0.003062644 0.984931958 -0.172513653
1780120837.282949209 4.660801248 9.187946495 -0.320168101 0.010059080 0.007274315 0.955723839 -0.294003132
1780120837.483972311 4.701235991 9.146788741 -0.323014796 -0.000909311 0.014216917 0.911533172 -0.410979718
1780120837.683206797 4.774900560 9.113741024 -0.336022399 -0.000359222 0.011355734 -0.860869852 0.508698355
1780120837.984840870 4.868381231 9.075154079 -0.332533697 -0.021892604 0.017337569 -0.802895590 0.595465192
1780120838.484076023 4.950314825 8.974398998 -0.331263647 -0.022040040 -0.000931758 -0.734132874 0.678647399
1780120838.884083986 5.063241284 8.865999286 -0.324829606 -0.009368538 -0.011396276 -0.665766036 0.746014705
1780120839.884239197 5.170785453 8.551699730 -0.341368042 -0.025295103 -0.013134388 -0.658280082 0.752233328
1780120840.984486580 5.273184719 8.153023724 -0.334744561 -0.026473265 -0.002141618 -0.679517754 0.733178152
1780120841.984757185 5.366731928 7.697133323 -0.331901876 -0.011083170 -0.000339570 -0.683236438 0.730113017
1780120842.383898735 5.349149208 7.508625718 -0.327146388 -0.008308405 0.007661080 -0.749576970 0.661820704
1780120843.384155750 5.316494076 7.036730693 -0.302835813 -0.018951642 0.000689242 -0.781419878 0.623717351
1780120844.384388447 5.297057327 6.553027774 -0.274703285 -0.016244190 -0.009723293 -0.785622751 0.618416104
1780120844.684744120 5.243558925 6.428502146 -0.301708537 0.002708329 0.011123615 -0.842284904 0.538911004
1780120845.483428717 5.066177465 6.162838990 -0.301962758 0.018279233 0.001252356 0.891877477 -0.451905817
1780120845.782743692 4.982116212 6.065210672 -0.273409004 0.014191919 0.022249094 0.933158249 -0.358495815
1780120846.084043026 4.866233958 5.991782180 -0.271201384 0.012919579 0.018997870 0.972268083 -0.232737922
1780120846.784007788 4.592898433 5.906267500 -0.253621874 0.019391573 0.024624920 0.990260717 -0.135651367
1780120847.684008360 4.253896988 5.840768599 -0.271565800 0.002741900 0.014195666 0.999219298 -0.036766284
1780120848.684064150 3.953324568 5.744293699 -0.256386629 0.021461507 0.024084056 0.999443541 0.008483568
1780120849.684459686 3.594678621 5.861994435 -0.269152521 0.018051393 0.033566742 0.995485633 0.086923966
1780120850.684825420 3.232532236 5.895399853 -0.260861597 0.016421445 0.028089192 0.992842606 0.114912543
1780120851.784278870 2.825702379 5.938658121 -0.247620405 0.018081907 0.031233406 0.992044298 0.120605262
1780120852.883965969 2.360191351 6.053288060 -0.232654576 0.022674799 0.032131992 0.989249517 0.140850209
1780120853.884750605 1.861672337 6.117750155 -0.227831265 0.022824879 0.015190201 0.989562993 0.141468603
1780120854.584197521 1.633318304 6.240384325 -0.210856471 0.017964465 0.035444657 0.968585755 0.245484397
1780120855.284219980 1.436786164 6.458215544 -0.207254530 0.019059727 0.035559398 0.928948801 0.368003236
1780120855.585024118 1.414082676 6.570719822 -0.208862510 0.028165140 0.042135396 0.890512128 0.452127729
1780120855.984623432 1.439017699 6.722414244 -0.214995085 0.018746568 0.033191857 0.819545177 0.571745197
1780120856.284447670 1.486598618 6.812764218 -0.223427524 0.024954335 0.032196343 0.762124245 0.646148057
1780120856.884015322 1.570417431 6.909526636 -0.224599235 0.009560424 0.028956796 0.679373490 0.733158758
1780120857.081788778 1.663129694 6.937545977 -0.252114618 -0.003340045 0.032352418 0.604103286 0.796242039
1780120857.383818865 1.771535131 6.976307919 -0.222074723 0.026500128 0.040157670 0.513231880 0.856900311
1780120857.883998871 1.897808051 7.021749608 -0.206444938 0.023225207 0.024746342 0.418454424 0.907603495
1780120858.084946871 1.999553578 7.019744928 -0.200426559 0.016281683 0.025230235 0.321877988 0.946304868
1780120858.384700298 2.115027069 7.020134851 -0.216876542 0.000093648 0.018740595 0.230533144 0.972883986
1780120858.984284401 2.250922796 7.055219731 -0.248562477 0.001145917 0.019441631 0.125071300 0.991956592
1780120859.384067535 2.386474353 6.998803553 -0.247203848 0.028815295 0.006318426 0.027695210 0.999181030
1780120860.383922338 2.746463610 6.972976527 -0.266194918 -0.004517175 -0.005748419 -0.057505036 0.998318447
1780120861.384439945 3.156156975 6.918799572 -0.294633325 -0.002322352 0.012617188 -0.115630129 0.993209488
1780120862.484736919 3.679767250 6.724947615 -0.329681505 -0.001099278 0.001577724 -0.175495819 0.984478298
1780120863.584083557 4.133681853 6.626835380 -0.344842869 -0.011939282 0.007864327 -0.167225999 0.985814928
1780120864.584316015 4.566356168 6.529067873 -0.374940274 -0.009975970 0.008809841 -0.123961773 0.992197735
1780120865.585143089 4.667917901 6.480017225 -0.385652825 0.002426837 0.000765677 -0.128146892 0.991751934
1780120866.684621572 4.721133703 6.446208332 -0.386497965 -0.003802620 -0.037743449 -0.129984004 0.990790155
1780120867.583594084 4.805630436 6.333063205 -0.378804028 -0.010201416 -0.053478910 -0.217877147 0.974456508
1780120868.484148502 5.090882093 6.168355701 -0.395231124 -0.004769251 -0.007394506 -0.292936973 0.956091264
1780120869.384779215 5.230500594 6.078017706 -0.406457027 -0.009631592 0.004269813 -0.208075755 0.978055970
1780120869.783567429 5.232257221 6.117647901 -0.408442358 -0.006852783 0.022304576 -0.121994844 0.992256420
1780120870.784545422 5.210350435 6.112991758 -0.415867525 0.007794889 0.022772926 -0.101784426 0.994515241
1780120871.883910179 5.272242807 6.079800829 -0.422073115 0.005522752 0.025545245 -0.095479114 0.995088277
1780120872.883922577 5.336319521 6.009697726 -0.429787401 -0.028631098 0.043729689 -0.032827830 0.998093336
1780120873.583929777 5.439243850 6.042451287 -0.430878608 -0.008972910 0.029739339 0.111725980 0.993253424
1780120873.884054899 5.425544834 6.149831655 -0.440844469 -0.009445403 0.025655275 0.226225632 0.973691201
1780120874.183828592 5.469753500 6.269117815 -0.471394643 0.013665223 0.034085316 0.329686089 0.943376137
1780120874.384511232 5.516612042 6.323765041 -0.491000701 0.004317659 0.031281185 0.415648381 0.908977045
1780120874.584403038 5.557516946 6.374249880 -0.510986003 0.010031344 0.038420406 0.512070319 0.858025194
1780120874.784301996 5.577353538 6.404398784 -0.520795794 0.011710854 0.048855111 0.586515550 0.808378342
1780120875.084818602 5.576121866 6.458529605 -0.506221483 0.013963385 0.038892569 0.691267917 0.721416009
1780120875.384381294 5.555213943 6.502089755 -0.495921359 0.001550527 0.032327108 0.786487038 0.616758213
1780120875.784025431 5.506593146 6.512468853 -0.431123034 0.003808908 0.016883884 0.883299810 0.468488924
1780120876.084227562 5.500592602 6.495365600 -0.435306891 0.015635224 0.029402137 0.934178495 0.355248637
1780120876.484709978 5.502631810 6.455804974 -0.436052290 0.015703386 0.030432257 0.968275450 0.247527645
1780120877.184033871 5.567585601 6.451718696 -0.437022676 0.025244434 0.050946834 0.986851283 0.151299977
1780120877.884346485 5.444315438 6.423829355 -0.405780635 0.034993186 0.042710758 0.996516346 0.062501530
1780120878.983893871 4.794598539 6.509762806 -0.344113528 0.037495704 0.019753587 0.998608383 0.031387348
1780120879.984794378 4.440863992 6.470578209 -0.353503210 0.043080371 0.003593021 0.998939188 0.015864123
1780120881.084049940 4.029294121 6.527106214 -0.329784698 0.038558460 0.025993555 0.996899484 0.063474395
1780120882.183939695 3.778469483 6.474993764 -0.292143307 0.052239696 0.014816531 0.997651930 0.041738598
1780120882.884100199 3.515951852 6.576164343 -0.277581868 0.055061643 0.004836246 0.989051490 0.136828270
1780120883.984027863 3.119611093 6.740936991 -0.252659565 0.037372787 0.019700290 0.969795439 0.240233178
1780120884.384167433 2.980579707 6.866640455 -0.231780363 0.053972809 0.034633346 0.941134211 0.331894358
1780120885.084036350 2.819966659 7.088110178 -0.217278510 0.056234919 0.032989184 0.903957499 0.422622985
1780120885.884637356 2.678930588 7.304424453 -0.215649037 0.039391758 0.035892000 0.862300949 0.503584280
1780120886.384017944 2.699705608 7.435001522 -0.194916306 0.038785454 0.031574584 0.813080619 0.579998829
1780120886.884217262 2.785918689 7.593834125 -0.177380054 0.036589533 0.032482292 0.746450502 0.663639778
1780120887.284980774 2.897924254 7.778618933 -0.215803952 0.020589916 0.036894174 0.673478431 0.737998427
1780120887.684435368 3.098496871 7.942343952 -0.239440670 0.035109213 0.026728919 0.603832382 0.795889039
1780120887.984016895 3.241514514 8.052329897 -0.252726987 0.025674980 0.025173463 0.532602859 0.845601139
1780120888.784920692 3.548958851 8.278316775 -0.300662734 0.010528987 0.036857480 0.455837873 0.889237033
1780120889.484213829 3.780365921 8.471877601 -0.312312447 -0.000885558 0.034113499 0.367473439 0.929407745
1780120890.184297323 4.067831647 8.601314151 -0.351650237 -0.009579510 0.041358225 0.276208584 0.960159647
1780120890.684941769 4.264555004 8.672544229 -0.372147310 -0.004287888 0.015251215 0.172611376 0.984862593
1780120891.284285545 4.495285599 8.680002558 -0.386700744 -0.009786682 0.031381851 0.092359862 0.995182926
1780120891.583894730 4.630529177 8.645875029 -0.396868098 -0.013422068 0.036407237 -0.002257920 0.999244346
1780120892.083939075 4.774703824 8.605186614 -0.410604697 -0.015417507 0.013031189 -0.098127131 0.994969123
1780120893.084575415 4.939018945 8.514220812 -0.426247296 -0.009858325 0.015787606 -0.142231720 0.989658377
1780120894.184083700 4.997061600 8.503827948 -0.420238274 -0.017364831 -0.006629311 -0.127419032 0.991674798
1780120895.284707308 4.862172824 8.476528773 -0.400705063 -0.012322432 -0.029629848 -0.133494726 0.990529852
1780120896.384087086 4.829351934 8.485575715 -0.439743993 -0.006302612 -0.016890585 -0.036205062 0.999181755
1780120896.883493185 4.917988041 8.563908856 -0.463432381 -0.020482890 -0.007026481 0.074649140 0.996974717
1780120897.485137224 4.996278289 8.684768876 -0.475255710 -0.015033587 -0.014817212 0.169612284 0.985284789
1780120897.885065079 5.033172480 8.780828854 -0.479861051 -0.004945807 -0.005675257 0.282270532 0.959305310
1780120898.584577799 5.017205687 8.825569931 -0.488716400 -0.010017275 0.003724091 0.385709188 0.922558512
1780120898.784208536 4.935966426 8.869542659 -0.493700842 -0.024622357 0.028952782 0.471140399 0.881239014
1780120898.982192755 4.844309733 8.928276034 -0.511684120 -0.044647752 0.031428360 0.551195654 0.832587645
1780120899.284133911 4.736480114 8.980350135 -0.498686876 -0.060565779 0.024898925 0.640960585 0.764775365
1780120899.483890772 4.644665044 9.000791480 -0.503421577 -0.040600148 0.026960294 0.714046556 0.698399804
1780120899.884008884 4.590585768 9.020402394 -0.496033375 -0.042342617 0.044748132 0.781253042 0.621166960
1780120900.184003592 4.520391197 9.025936887 -0.496072864 -0.019456668 0.072928324 0.845723500 0.528256244
1780120900.383267164 4.488766337 9.022103971 -0.496914547 -0.013475084 0.051604356 0.891943720 0.448989769
1780120900.684173822 4.435745239 8.985106719 -0.472594089 -0.013051066 0.031464371 0.952089365 0.303916935
1780120900.984544992 4.415927078 9.003590304 -0.473637367 0.004826544 0.057760602 0.981979461 0.179879835
1780120901.284575701 4.417255175 9.020091012 -0.485701087 0.009974738 0.026863507 0.996229951 0.081882490
1780120902.383937120 4.474599381 9.081425527 -0.498628472 0.046355823 0.057636761 0.996431975 0.040650475
1780120903.384329557 4.318137095 9.063023284 -0.532357131 0.029388474 0.056318276 0.997971030 -0.004288721
1780120904.384871721 4.305122974 9.088525968 -0.543780053 0.034582086 0.065068239 0.997197967 -0.012900313
1780120905.484093428 4.197966148 9.094011749 -0.467200148 0.037733677 0.028157033 0.998857076 -0.008239673
1780120906.483955145 4.029414737 9.028626113 -0.451692103 0.039882685 0.027928403 0.994721756 -0.090321669
1780120907.083386421 3.898863720 8.913689168 -0.436262521 0.038680906 0.028439065 0.982522613 -0.179845271
1780120907.483219624 3.834778167 8.836407270 -0.432852174 0.036222429 0.029840669 0.960213812 -0.275294217
1780120908.484539509 3.823860408 8.529870175 -0.449375731 0.025442029 0.034971947 0.954483872 -0.295110494
1780120909.284150600 3.770679216 8.318774884 -0.429423748 0.033767099 0.028592482 0.904973469 -0.423161050
1780120909.783977270 3.721534151 8.135348611 -0.404601533 -0.038342036 -0.027812559 -0.861220602 0.506019193
1780120910.184041023 3.721678713 8.006815435 -0.391591244 -0.038501838 -0.020279897 -0.816244860 0.576064808
1780120911.184049845 3.631516815 7.486720948 -0.357750086 -0.036002559 -0.011675690 -0.790684785 0.611052423
1780120911.984632015 3.530461666 7.202595151 -0.323711923 -0.034128467 -0.026283614 -0.849793686 0.525352368
1780120913.084182739 3.228335878 6.953677466 -0.327992940 0.033954543 0.022943726 0.867713255 -0.495372972
1780120914.084508419 2.971094065 6.705445883 -0.301490083 0.028972150 0.016010279 0.873820545 -0.485120542
1780120915.183966160 2.621601117 6.234621431 -0.248288458 0.025613447 0.013736062 0.870490327 -0.491326635
1780120916.183965445 2.467092219 5.757666635 -0.207691307 -0.033124452 -0.009301768 -0.808339200 0.587710801
1780120916.584329844 2.442229023 5.557870460 -0.199614923 -0.033157527 0.001019457 -0.741721788 0.669886802
1780120916.884237528 2.487854410 5.433953057 -0.205411474 -0.021150397 0.002380532 -0.647703136 0.761595457
1780120917.983490467 2.676209129 4.889153642 -0.173427656 -0.033789535 0.007814459 -0.696447946 0.716768763
1780120918.884054422 2.588366882 4.358804370 -0.123233808 -0.023545683 -0.007688681 -0.756925071 0.653032099
1780120919.884726763 2.324423263 3.735639712 -0.071008380 -0.024790256 -0.006799060 -0.774105434 0.632534579
1780120920.984124184 2.234633126 3.121697444 -0.041541992 -0.032935960 -0.008797258 -0.775867764 0.629973843
1780120922.083950758 2.041245597 2.500235779 -0.010204386 -0.015160323 -0.011698433 -0.788703093 0.614475990
1780120922.584205389 1.880688844 2.265547263 0.009789948 -0.029443224 0.001635442 -0.837351881 0.545868344
1780120923.584845066 1.477561441 1.903269772 0.062691046 -0.021774192 -0.015373421 -0.829995113 0.557133426
1780120924.684201002 1.175693140 1.611449762 0.118215301 -0.029450390 -0.011761435 -0.835278355 0.548912027
1780120925.783988476 1.041118391 1.146671955 0.124178840 -0.027039014 -0.005514108 -0.845787873 0.532805180
1780120926.784189939 0.845993159 0.754463034 0.163135146 0.026376733 0.012824034 0.870341756 -0.491574042
1780120927.784714937 0.667845810 0.489533517 0.190403571 0.037884922 0.008120472 0.893822143 -0.446744633
1780120928.884290218 0.444266513 0.174163847 0.231098102 0.039984602 0.024664080 0.888344359 -0.456768229
1780120929.984043598 0.322329314 0.051756081 0.230890629 0.042755852 0.021089337 0.916058957 -0.398199906
1780120930.984058857 0.284795571 0.065826795 0.222778348 0.052203998 0.010944579 0.912724341 -0.405079296
1780120931.784750223 0.169492423 0.013135071 0.238406856 0.044859540 0.016612445 0.944452796 -0.325146990
1780120932.284549236 0.101100170 -0.017875253 0.229771683 0.034787127 0.012514726 0.973665199 -0.224965146
1780120933.383924961 -0.057039188 -0.019418576 0.222748207 0.033371025 0.021756846 0.987105513 -0.155034579
1780120934.283954144 -0.254278249 -0.092509585 0.275450364 0.041368126 0.031587657 0.963223111 -0.263613611
1780120934.583976269 -0.294748058 -0.171391924 0.249141044 0.031146555 0.021662738 0.927132258 -0.372808790
1780120934.884264231 -0.298855153 -0.245862487 0.257344209 0.020237797 0.018650244 0.878616835 -0.476733739
1780120935.383929968 -0.190896296 -0.307549690 0.222733902 -0.016473340 0.018430674 -0.762347120 0.646696071
1780120935.585038900 -0.116961040 -0.274357318 0.192715003 -0.027061923 0.051282885 -0.688918920 0.722515356
1780120935.984752893 -0.072973139 -0.237300097 0.187842779 -0.023628212 0.024037816 -0.612549021 0.789713611
1780120936.384563208 -0.022254317 -0.228056399 0.180219697 -0.004116025 0.014985369 -0.518922316 0.854680132
1780120936.584454298 0.038914818 -0.183413442 0.165242316 -0.014720835 0.043051388 -0.420193331 0.906293241
1780120936.884376287 0.095465564 -0.188668873 0.157085247 -0.028384243 0.049101789 -0.321973663 0.945048311
1780120937.283972263 0.116329523 -0.189838926 0.140658234 -0.008078216 0.027619329 -0.237786258 0.970891142
1780120937.684100151 0.167990589 -0.129368040 0.120638617 -0.030776308 0.051730323 -0.100993899 0.993064462
1780120938.083729982 0.199505056 -0.106257211 0.098823497 -0.027844730 0.056411733 -0.000496793 0.998019108
1780120939.083910942 0.230332730 -0.095003673 0.094397521 0.013985839 0.057679408 0.044825857 0.997230227
1780120940.084663153 0.226303868 0.009075020 0.097795949 0.010351390 0.054642862 0.041426889 0.997592512
